nd= 7 ni=12 
cp= 4 cm= 4 


************ GMA-system ***********

 1  3.440372240955652e-001
 2  9.644595759228367e-001
 3  6.938093282799436e+001
 4  9.368478961146508e-001
 5  4.527327997227455e+001
 6  3.023906988307960e+002
 7  5.924715059401103e+001
-------------------------------
 8  2.500000000000000e-001
 9  2.500000000000000e-001
10  6.300000000000000e-001
11  6.300000000000000e-001
12  1.160000000000000e+001
13  1.600000000000000e+000
14  1.600000000000000e+000
15  4.300000000000000e-001
16  4.000000000000000e+000
17  7.000000000000000e-001
18  7.400000000000000e+000
19  3.600000000000000e-001
-------------------------------

alpha[7][8]
 9.179211018801682e+001  2.124897350124618e+001  7.394547869962697e+002  3.074157951275111e+003  3.450500371057615e+000  1.000000000000000e-015  1.000000000000000e-015  1.000000000000000e-015 
 3.450500371057615e+000  1.000000000000000e-015  1.000000000000000e-015  1.000000000000000e-015  8.243800926898882e+001  1.858105812787582e+002  3.480938349138861e+000  7.214263576226057e-001 
 8.243800926898882e+001  1.858105812787582e+002  1.000000000000000e-015  1.000000000000000e-015  2.391337080150079e-001  1.000000000000000e-015  1.000000000000000e-015  1.000000000000000e-015 
 3.480938349138861e+000  7.214263576226057e-001  1.000000000000000e-015  1.000000000000000e-015  1.866904666145019e-001  1.000000000000000e-015  1.000000000000000e-015  1.000000000000000e-015 
 1.866904666145019e-001  1.000000000000000e-015  1.000000000000000e-015  1.000000000000000e-015  2.545897698038970e-003  2.147419505210970e-003  1.000000000000000e-015  1.000000000000000e-015 
 2.147419505210970e-003  1.000000000000000e-015  1.000000000000000e-015  1.000000000000000e-015  3.324872741847082e+001  1.817451372184473e-001  1.000000000000000e-015  1.000000000000000e-015 
 3.324872741847082e+001  1.000000000000000e-015  1.000000000000000e-015  1.000000000000000e-015  2.668743607674530e-001  1.000000000000000e-015  1.000000000000000e-015  1.000000000000000e-015 

g[7][19][8]
-1.057051029037040e-001  0.000000000000000e+000 -8.354412658881555e-001  0.000000000000000e+000  0.000000000000000e+000  0.000000000000000e+000  0.000000000000000e+000  1.000000000000000e+000  0.000000000000000e+000  0.000000000000000e+000  0.000000000000000e+000  0.000000000000000e+000  0.000000000000000e+000  0.000000000000000e+000  0.000000000000000e+000  0.000000000000000e+000  0.000000000000000e+000  0.000000000000000e+000  0.000000000000000e+000 
-1.063317412880535e-001  0.000000000000000e+000 -8.575769546176885e-001  0.000000000000000e+000  0.000000000000000e+000  0.000000000000000e+000  0.000000000000000e+000  0.000000000000000e+000  1.000000000000000e+000  0.000000000000000e+000  0.000000000000000e+000  0.000000000000000e+000  0.000000000000000e+000  0.000000000000000e+000  0.000000000000000e+000  0.000000000000000e+000  0.000000000000000e+000  0.000000000000000e+000  0.000000000000000e+000 
-1.056637461096278e-001  0.000000000000000e+000  0.000000000000000e+000  0.000000000000000e+000  0.000000000000000e+000 -1.712103418879251e+000  0.000000000000000e+000  0.000000000000000e+000  0.000000000000000e+000  1.000000000000000e+000  0.000000000000000e+000  0.000000000000000e+000  0.000000000000000e+000  0.000000000000000e+000  0.000000000000000e+000  0.000000000000000e+000  0.000000000000000e+000  0.000000000000000e+000  0.000000000000000e+000 
-1.072236581029126e-001  0.000000000000000e+000  0.000000000000000e+000  0.000000000000000e+000  0.000000000000000e+000 -1.770018011707494e+000  0.000000000000000e+000  0.000000000000000e+000  0.000000000000000e+000  0.000000000000000e+000  1.000000000000000e+000  0.000000000000000e+000  0.000000000000000e+000  0.000000000000000e+000  0.000000000000000e+000  0.000000000000000e+000  0.000000000000000e+000  0.000000000000000e+000  0.000000000000000e+000 
 3.526264231916178e+000 -2.526264231916177e+000  0.000000000000000e+000  0.000000000000000e+000  0.000000000000000e+000  0.000000000000000e+000  0.000000000000000e+000  0.000000000000000e+000  0.000000000000000e+000  0.000000000000000e+000  0.000000000000000e+000  9.999999999999998e-001  0.000000000000000e+000  0.000000000000000e+000  0.000000000000000e+000  0.000000000000000e+000  0.000000000000000e+000  0.000000000000000e+000  0.000000000000000e+000 
 0.000000000000000e+000  0.000000000000000e+000  0.000000000000000e+000  0.000000000000000e+000  0.000000000000000e+000  0.000000000000000e+000  0.000000000000000e+000  0.000000000000000e+000  0.000000000000000e+000  0.000000000000000e+000  0.000000000000000e+000  0.000000000000000e+000  0.000000000000000e+000  0.000000000000000e+000  0.000000000000000e+000  0.000000000000000e+000  0.000000000000000e+000  0.000000000000000e+000  0.000000000000000e+000 
 0.000000000000000e+000  0.000000000000000e+000  0.000000000000000e+000  0.000000000000000e+000  0.000000000000000e+000  0.000000000000000e+000  0.000000000000000e+000  0.000000000000000e+000  0.000000000000000e+000  0.000000000000000e+000  0.000000000000000e+000  0.000000000000000e+000  0.000000000000000e+000  0.000000000000000e+000  0.000000000000000e+000  0.000000000000000e+000  0.000000000000000e+000  0.000000000000000e+000  0.000000000000000e+000 
 0.000000000000000e+000  0.000000000000000e+000  0.000000000000000e+000  0.000000000000000e+000  0.000000000000000e+000  0.000000000000000e+000  0.000000000000000e+000  0.000000000000000e+000  0.000000000000000e+000  0.000000000000000e+000  0.000000000000000e+000  0.000000000000000e+000  0.000000000000000e+000  0.000000000000000e+000  0.000000000000000e+000  0.000000000000000e+000  0.000000000000000e+000  0.000000000000000e+000  0.000000000000000e+000 

 3.526264231916178e+000 -2.526264231916177e+000  0.000000000000000e+000  0.000000000000000e+000  0.000000000000000e+000  0.000000000000000e+000  0.000000000000000e+000  0.000000000000000e+000  0.000000000000000e+000  0.000000000000000e+000  0.000000000000000e+000  9.999999999999998e-001  0.000000000000000e+000  0.000000000000000e+000  0.000000000000000e+000  0.000000000000000e+000  0.000000000000000e+000  0.000000000000000e+000  0.000000000000000e+000 
 0.000000000000000e+000  0.000000000000000e+000  0.000000000000000e+000  0.000000000000000e+000  0.000000000000000e+000  0.000000000000000e+000  0.000000000000000e+000  0.000000000000000e+000  0.000000000000000e+000  0.000000000000000e+000  0.000000000000000e+000  0.000000000000000e+000  0.000000000000000e+000  0.000000000000000e+000  0.000000000000000e+000  0.000000000000000e+000  0.000000000000000e+000  0.000000000000000e+000  0.000000000000000e+000 
 0.000000000000000e+000  0.000000000000000e+000  0.000000000000000e+000  0.000000000000000e+000  0.000000000000000e+000  0.000000000000000e+000  0.000000000000000e+000  0.000000000000000e+000  0.000000000000000e+000  0.000000000000000e+000  0.000000000000000e+000  0.000000000000000e+000  0.000000000000000e+000  0.000000000000000e+000  0.000000000000000e+000  0.000000000000000e+000  0.000000000000000e+000  0.000000000000000e+000  0.000000000000000e+000 
 0.000000000000000e+000  0.000000000000000e+000  0.000000000000000e+000  0.000000000000000e+000  0.000000000000000e+000  0.000000000000000e+000  0.000000000000000e+000  0.000000000000000e+000  0.000000000000000e+000  0.000000000000000e+000  0.000000000000000e+000  0.000000000000000e+000  0.000000000000000e+000  0.000000000000000e+000  0.000000000000000e+000  0.000000000000000e+000  0.000000000000000e+000  0.000000000000000e+000  0.000000000000000e+000 
 0.000000000000000e+000  1.000000000000000e+000 -1.959297589051984e+000  0.000000000000000e+000  0.000000000000000e+000  0.000000000000000e+000  0.000000000000000e+000  0.000000000000000e+000  0.000000000000000e+000  0.000000000000000e+000  0.000000000000000e+000  0.000000000000000e+000  1.000000000000000e+000  0.000000000000000e+000  0.000000000000000e+000  0.000000000000000e+000  0.000000000000000e+000  0.000000000000000e+000  0.000000000000000e+000 
 0.000000000000000e+000  1.000000000000000e+000 -1.631017179723302e+000  0.000000000000000e+000  0.000000000000000e+000  0.000000000000000e+000  0.000000000000000e+000  0.000000000000000e+000  0.000000000000000e+000  0.000000000000000e+000  0.000000000000000e+000  0.000000000000000e+000  0.000000000000000e+000  1.000000000000000e+000  0.000000000000000e+000  0.000000000000000e+000  0.000000000000000e+000  0.000000000000000e+000  0.000000000000000e+000 
 0.000000000000000e+000  1.000000000000000e+000  0.000000000000000e+000  0.000000000000000e+000  0.000000000000000e+000 -3.286690019261291e-001  0.000000000000000e+000  0.000000000000000e+000  0.000000000000000e+000  9.999999999999998e-001  0.000000000000000e+000  0.000000000000000e+000  0.000000000000000e+000  0.000000000000000e+000  0.000000000000000e+000  0.000000000000000e+000  0.000000000000000e+000  0.000000000000000e+000  0.000000000000000e+000 
 0.000000000000000e+000  1.000000000000000e+000  0.000000000000000e+000  0.000000000000000e+000  0.000000000000000e+000 -2.553780572888442e-002  0.000000000000000e+000  0.000000000000000e+000  0.000000000000000e+000  0.000000000000000e+000  1.000000000000000e+000  0.000000000000000e+000  0.000000000000000e+000  0.000000000000000e+000  0.000000000000000e+000  0.000000000000000e+000  0.000000000000000e+000  0.000000000000000e+000  0.000000000000000e+000 

 0.000000000000000e+000  1.000000000000000e+000 -1.959297589051984e+000  0.000000000000000e+000  0.000000000000000e+000  0.000000000000000e+000  0.000000000000000e+000  0.000000000000000e+000  0.000000000000000e+000  0.000000000000000e+000  0.000000000000000e+000  0.000000000000000e+000  1.000000000000000e+000  0.000000000000000e+000  0.000000000000000e+000  0.000000000000000e+000  0.000000000000000e+000  0.000000000000000e+000  0.000000000000000e+000 
 0.000000000000000e+000  1.000000000000000e+000 -1.631017179723302e+000  0.000000000000000e+000  0.000000000000000e+000  0.000000000000000e+000  0.000000000000000e+000  0.000000000000000e+000  0.000000000000000e+000  0.000000000000000e+000  0.000000000000000e+000  0.000000000000000e+000  0.000000000000000e+000  1.000000000000000e+000  0.000000000000000e+000  0.000000000000000e+000  0.000000000000000e+000  0.000000000000000e+000  0.000000000000000e+000 
 0.000000000000000e+000  0.000000000000000e+000  0.000000000000000e+000  0.000000000000000e+000  0.000000000000000e+000  0.000000000000000e+000  0.000000000000000e+000  0.000000000000000e+000  0.000000000000000e+000  0.000000000000000e+000  0.000000000000000e+000  0.000000000000000e+000  0.000000000000000e+000  0.000000000000000e+000  0.000000000000000e+000  0.000000000000000e+000  0.000000000000000e+000  0.000000000000000e+000  0.000000000000000e+000 
 0.000000000000000e+000  0.000000000000000e+000  0.000000000000000e+000  0.000000000000000e+000  0.000000000000000e+000  0.000000000000000e+000  0.000000000000000e+000  0.000000000000000e+000  0.000000000000000e+000  0.000000000000000e+000  0.000000000000000e+000  0.000000000000000e+000  0.000000000000000e+000  0.000000000000000e+000  0.000000000000000e+000  0.000000000000000e+000  0.000000000000000e+000  0.000000000000000e+000  0.000000000000000e+000 
 0.000000000000000e+000  0.000000000000000e+000  2.648840104765816e-001  0.000000000000000e+000  0.000000000000000e+000  0.000000000000000e+000  0.000000000000000e+000  0.000000000000000e+000  0.000000000000000e+000  0.000000000000000e+000  0.000000000000000e+000  0.000000000000000e+000  0.000000000000000e+000  0.000000000000000e+000  1.000000000000000e+000  0.000000000000000e+000  0.000000000000000e+000  0.000000000000000e+000  0.000000000000000e+000 
 0.000000000000000e+000  0.000000000000000e+000  0.000000000000000e+000  0.000000000000000e+000  0.000000000000000e+000  0.000000000000000e+000  0.000000000000000e+000  0.000000000000000e+000  0.000000000000000e+000  0.000000000000000e+000  0.000000000000000e+000  0.000000000000000e+000  0.000000000000000e+000  0.000000000000000e+000  0.000000000000000e+000  0.000000000000000e+000  0.000000000000000e+000  0.000000000000000e+000  0.000000000000000e+000 
 0.000000000000000e+000  0.000000000000000e+000  0.000000000000000e+000  0.000000000000000e+000  0.000000000000000e+000  0.000000000000000e+000  0.000000000000000e+000  0.000000000000000e+000  0.000000000000000e+000  0.000000000000000e+000  0.000000000000000e+000  0.000000000000000e+000  0.000000000000000e+000  0.000000000000000e+000  0.000000000000000e+000  0.000000000000000e+000  0.000000000000000e+000  0.000000000000000e+000  0.000000000000000e+000 
 0.000000000000000e+000  0.000000000000000e+000  0.000000000000000e+000  0.000000000000000e+000  0.000000000000000e+000  0.000000000000000e+000  0.000000000000000e+000  0.000000000000000e+000  0.000000000000000e+000  0.000000000000000e+000  0.000000000000000e+000  0.000000000000000e+000  0.000000000000000e+000  0.000000000000000e+000  0.000000000000000e+000  0.000000000000000e+000  0.000000000000000e+000  0.000000000000000e+000  0.000000000000000e+000 

 0.000000000000000e+000  1.000000000000000e+000  0.000000000000000e+000  0.000000000000000e+000  0.000000000000000e+000 -3.286690019261291e-001  0.000000000000000e+000  0.000000000000000e+000  0.000000000000000e+000  9.999999999999998e-001  0.000000000000000e+000  0.000000000000000e+000  0.000000000000000e+000  0.000000000000000e+000  0.000000000000000e+000  0.000000000000000e+000  0.000000000000000e+000  0.000000000000000e+000  0.000000000000000e+000 
 0.000000000000000e+000  1.000000000000000e+000  0.000000000000000e+000  0.000000000000000e+000  0.000000000000000e+000 -2.553780572888442e-002  0.000000000000000e+000  0.000000000000000e+000  0.000000000000000e+000  0.000000000000000e+000  1.000000000000000e+000  0.000000000000000e+000  0.000000000000000e+000  0.000000000000000e+000  0.000000000000000e+000  0.000000000000000e+000  0.000000000000000e+000  0.000000000000000e+000  0.000000000000000e+000 
 0.000000000000000e+000  0.000000000000000e+000  0.000000000000000e+000  0.000000000000000e+000  0.000000000000000e+000  0.000000000000000e+000  0.000000000000000e+000  0.000000000000000e+000  0.000000000000000e+000  0.000000000000000e+000  0.000000000000000e+000  0.000000000000000e+000  0.000000000000000e+000  0.000000000000000e+000  0.000000000000000e+000  0.000000000000000e+000  0.000000000000000e+000  0.000000000000000e+000  0.000000000000000e+000 
 0.000000000000000e+000  0.000000000000000e+000  0.000000000000000e+000  0.000000000000000e+000  0.000000000000000e+000  0.000000000000000e+000  0.000000000000000e+000  0.000000000000000e+000  0.000000000000000e+000  0.000000000000000e+000  0.000000000000000e+000  0.000000000000000e+000  0.000000000000000e+000  0.000000000000000e+000  0.000000000000000e+000  0.000000000000000e+000  0.000000000000000e+000  0.000000000000000e+000  0.000000000000000e+000 
 0.000000000000000e+000  0.000000000000000e+000  0.000000000000000e+000  9.372794111160264e-001  0.000000000000000e+000  0.000000000000000e+000  0.000000000000000e+000  0.000000000000000e+000  0.000000000000000e+000  0.000000000000000e+000  0.000000000000000e+000  0.000000000000000e+000  0.000000000000000e+000  0.000000000000000e+000  0.000000000000000e+000  1.000000000000000e+000  0.000000000000000e+000  0.000000000000000e+000  0.000000000000000e+000 
 0.000000000000000e+000  0.000000000000000e+000  0.000000000000000e+000  0.000000000000000e+000  0.000000000000000e+000  0.000000000000000e+000  0.000000000000000e+000  0.000000000000000e+000  0.000000000000000e+000  0.000000000000000e+000  0.000000000000000e+000  0.000000000000000e+000  0.000000000000000e+000  0.000000000000000e+000  0.000000000000000e+000  0.000000000000000e+000  0.000000000000000e+000  0.000000000000000e+000  0.000000000000000e+000 
 0.000000000000000e+000  0.000000000000000e+000  0.000000000000000e+000  0.000000000000000e+000  0.000000000000000e+000  0.000000000000000e+000  0.000000000000000e+000  0.000000000000000e+000  0.000000000000000e+000  0.000000000000000e+000  0.000000000000000e+000  0.000000000000000e+000  0.000000000000000e+000  0.000000000000000e+000  0.000000000000000e+000  0.000000000000000e+000  0.000000000000000e+000  0.000000000000000e+000  0.000000000000000e+000 
 0.000000000000000e+000  0.000000000000000e+000  0.000000000000000e+000  0.000000000000000e+000  0.000000000000000e+000  0.000000000000000e+000  0.000000000000000e+000  0.000000000000000e+000  0.000000000000000e+000  0.000000000000000e+000  0.000000000000000e+000  0.000000000000000e+000  0.000000000000000e+000  0.000000000000000e+000  0.000000000000000e+000  0.000000000000000e+000  0.000000000000000e+000  0.000000000000000e+000  0.000000000000000e+000 

 0.000000000000000e+000  0.000000000000000e+000  0.000000000000000e+000  9.372794111160264e-001  0.000000000000000e+000  0.000000000000000e+000  0.000000000000000e+000  0.000000000000000e+000  0.000000000000000e+000  0.000000000000000e+000  0.000000000000000e+000  0.000000000000000e+000  0.000000000000000e+000  0.000000000000000e+000  0.000000000000000e+000  1.000000000000000e+000  0.000000000000000e+000  0.000000000000000e+000  0.000000000000000e+000 
 0.000000000000000e+000  0.000000000000000e+000  0.000000000000000e+000  0.000000000000000e+000  0.000000000000000e+000  0.000000000000000e+000  0.000000000000000e+000  0.000000000000000e+000  0.000000000000000e+000  0.000000000000000e+000  0.000000000000000e+000  0.000000000000000e+000  0.000000000000000e+000  0.000000000000000e+000  0.000000000000000e+000  0.000000000000000e+000  0.000000000000000e+000  0.000000000000000e+000  0.000000000000000e+000 
 0.000000000000000e+000  0.000000000000000e+000  0.000000000000000e+000  0.000000000000000e+000  0.000000000000000e+000  0.000000000000000e+000  0.000000000000000e+000  0.000000000000000e+000  0.000000000000000e+000  0.000000000000000e+000  0.000000000000000e+000  0.000000000000000e+000  0.000000000000000e+000  0.000000000000000e+000  0.000000000000000e+000  0.000000000000000e+000  0.000000000000000e+000  0.000000000000000e+000  0.000000000000000e+000 
 0.000000000000000e+000  0.000000000000000e+000  0.000000000000000e+000  0.000000000000000e+000  0.000000000000000e+000  0.000000000000000e+000  0.000000000000000e+000  0.000000000000000e+000  0.000000000000000e+000  0.000000000000000e+000  0.000000000000000e+000  0.000000000000000e+000  0.000000000000000e+000  0.000000000000000e+000  0.000000000000000e+000  0.000000000000000e+000  0.000000000000000e+000  0.000000000000000e+000  0.000000000000000e+000 
 0.000000000000000e+000  0.000000000000000e+000  0.000000000000000e+000  0.000000000000000e+000  9.127611012439997e-001  0.000000000000000e+000  0.000000000000000e+000  0.000000000000000e+000  0.000000000000000e+000  0.000000000000000e+000  0.000000000000000e+000  0.000000000000000e+000  0.000000000000000e+000  0.000000000000000e+000  0.000000000000000e+000  0.000000000000000e+000  9.999999999999999e-001  0.000000000000000e+000  0.000000000000000e+000 
 0.000000000000000e+000  0.000000000000000e+000  0.000000000000000e+000  0.000000000000000e+000  9.711998313297402e-001  0.000000000000000e+000  0.000000000000000e+000  0.000000000000000e+000  0.000000000000000e+000  0.000000000000000e+000  0.000000000000000e+000  0.000000000000000e+000  0.000000000000000e+000  0.000000000000000e+000  0.000000000000000e+000  0.000000000000000e+000  0.000000000000000e+000  1.000000000000000e+000  0.000000000000000e+000 
 0.000000000000000e+000  0.000000000000000e+000  0.000000000000000e+000  0.000000000000000e+000  0.000000000000000e+000  0.000000000000000e+000  0.000000000000000e+000  0.000000000000000e+000  0.000000000000000e+000  0.000000000000000e+000  0.000000000000000e+000  0.000000000000000e+000  0.000000000000000e+000  0.000000000000000e+000  0.000000000000000e+000  0.000000000000000e+000  0.000000000000000e+000  0.000000000000000e+000  0.000000000000000e+000 
 0.000000000000000e+000  0.000000000000000e+000  0.000000000000000e+000  0.000000000000000e+000  0.000000000000000e+000  0.000000000000000e+000  0.000000000000000e+000  0.000000000000000e+000  0.000000000000000e+000  0.000000000000000e+000  0.000000000000000e+000  0.000000000000000e+000  0.000000000000000e+000  0.000000000000000e+000  0.000000000000000e+000  0.000000000000000e+000  0.000000000000000e+000  0.000000000000000e+000  0.000000000000000e+000 

 0.000000000000000e+000  0.000000000000000e+000  0.000000000000000e+000  0.000000000000000e+000  9.711998313297402e-001  0.000000000000000e+000  0.000000000000000e+000  0.000000000000000e+000  0.000000000000000e+000  0.000000000000000e+000  0.000000000000000e+000  0.000000000000000e+000  0.000000000000000e+000  0.000000000000000e+000  0.000000000000000e+000  0.000000000000000e+000  0.000000000000000e+000  1.000000000000000e+000  0.000000000000000e+000 
 0.000000000000000e+000  0.000000000000000e+000  0.000000000000000e+000  0.000000000000000e+000  0.000000000000000e+000  0.000000000000000e+000  0.000000000000000e+000  0.000000000000000e+000  0.000000000000000e+000  0.000000000000000e+000  0.000000000000000e+000  0.000000000000000e+000  0.000000000000000e+000  0.000000000000000e+000  0.000000000000000e+000  0.000000000000000e+000  0.000000000000000e+000  0.000000000000000e+000  0.000000000000000e+000 
 0.000000000000000e+000  0.000000000000000e+000  0.000000000000000e+000  0.000000000000000e+000  0.000000000000000e+000  0.000000000000000e+000  0.000000000000000e+000  0.000000000000000e+000  0.000000000000000e+000  0.000000000000000e+000  0.000000000000000e+000  0.000000000000000e+000  0.000000000000000e+000  0.000000000000000e+000  0.000000000000000e+000  0.000000000000000e+000  0.000000000000000e+000  0.000000000000000e+000  0.000000000000000e+000 
 0.000000000000000e+000  0.000000000000000e+000  0.000000000000000e+000  0.000000000000000e+000  0.000000000000000e+000  0.000000000000000e+000  0.000000000000000e+000  0.000000000000000e+000  0.000000000000000e+000  0.000000000000000e+000  0.000000000000000e+000  0.000000000000000e+000  0.000000000000000e+000  0.000000000000000e+000  0.000000000000000e+000  0.000000000000000e+000  0.000000000000000e+000  0.000000000000000e+000  0.000000000000000e+000 
 0.000000000000000e+000  0.000000000000000e+000  0.000000000000000e+000  0.000000000000000e+000  0.000000000000000e+000  1.000000000000000e+000 -2.285535082483071e+000  0.000000000000000e+000  0.000000000000000e+000  0.000000000000000e+000  0.000000000000000e+000  0.000000000000000e+000  0.000000000000000e+000  0.000000000000000e+000  0.000000000000000e+000  0.000000000000000e+000  0.000000000000000e+000  0.000000000000000e+000  9.999999999999998e-001 
 0.000000000000000e+000  0.000000000000000e+000  0.000000000000000e+000  0.000000000000000e+000  0.000000000000000e+000  2.485146905496680e-001  0.000000000000000e+000  0.000000000000000e+000  0.000000000000000e+000  0.000000000000000e+000  0.000000000000000e+000  0.000000000000000e+000  0.000000000000000e+000  0.000000000000000e+000  9.999999999999998e-001  0.000000000000000e+000  0.000000000000000e+000  0.000000000000000e+000  0.000000000000000e+000 
 0.000000000000000e+000  0.000000000000000e+000  0.000000000000000e+000  0.000000000000000e+000  0.000000000000000e+000  0.000000000000000e+000  0.000000000000000e+000  0.000000000000000e+000  0.000000000000000e+000  0.000000000000000e+000  0.000000000000000e+000  0.000000000000000e+000  0.000000000000000e+000  0.000000000000000e+000  0.000000000000000e+000  0.000000000000000e+000  0.000000000000000e+000  0.000000000000000e+000  0.000000000000000e+000 
 0.000000000000000e+000  0.000000000000000e+000  0.000000000000000e+000  0.000000000000000e+000  0.000000000000000e+000  0.000000000000000e+000  0.000000000000000e+000  0.000000000000000e+000  0.000000000000000e+000  0.000000000000000e+000  0.000000000000000e+000  0.000000000000000e+000  0.000000000000000e+000  0.000000000000000e+000  0.000000000000000e+000  0.000000000000000e+000  0.000000000000000e+000  0.000000000000000e+000  0.000000000000000e+000 

 0.000000000000000e+000  0.000000000000000e+000  0.000000000000000e+000  0.000000000000000e+000  0.000000000000000e+000  1.000000000000000e+000 -2.285535082483071e+000  0.000000000000000e+000  0.000000000000000e+000  0.000000000000000e+000  0.000000000000000e+000  0.000000000000000e+000  0.000000000000000e+000  0.000000000000000e+000  0.000000000000000e+000  0.000000000000000e+000  0.000000000000000e+000  0.000000000000000e+000  9.999999999999998e-001 
 0.000000000000000e+000  0.000000000000000e+000  0.000000000000000e+000  0.000000000000000e+000  0.000000000000000e+000  0.000000000000000e+000  0.000000000000000e+000  0.000000000000000e+000  0.000000000000000e+000  0.000000000000000e+000  0.000000000000000e+000  0.000000000000000e+000  0.000000000000000e+000  0.000000000000000e+000  0.000000000000000e+000  0.000000000000000e+000  0.000000000000000e+000  0.000000000000000e+000  0.000000000000000e+000 
 0.000000000000000e+000  0.000000000000000e+000  0.000000000000000e+000  0.000000000000000e+000  0.000000000000000e+000  0.000000000000000e+000  0.000000000000000e+000  0.000000000000000e+000  0.000000000000000e+000  0.000000000000000e+000  0.000000000000000e+000  0.000000000000000e+000  0.000000000000000e+000  0.000000000000000e+000  0.000000000000000e+000  0.000000000000000e+000  0.000000000000000e+000  0.000000000000000e+000  0.000000000000000e+000 
 0.000000000000000e+000  0.000000000000000e+000  0.000000000000000e+000  0.000000000000000e+000  0.000000000000000e+000  0.000000000000000e+000  0.000000000000000e+000  0.000000000000000e+000  0.000000000000000e+000  0.000000000000000e+000  0.000000000000000e+000  0.000000000000000e+000  0.000000000000000e+000  0.000000000000000e+000  0.000000000000000e+000  0.000000000000000e+000  0.000000000000000e+000  0.000000000000000e+000  0.000000000000000e+000 
 0.000000000000000e+000  0.000000000000000e+000  0.000000000000000e+000  0.000000000000000e+000  0.000000000000000e+000  0.000000000000000e+000  2.523750046542553e-001  0.000000000000000e+000  0.000000000000000e+000  0.000000000000000e+000  0.000000000000000e+000  0.000000000000000e+000  0.000000000000000e+000  0.000000000000000e+000  1.000000000000000e+000  0.000000000000000e+000  0.000000000000000e+000  0.000000000000000e+000  0.000000000000000e+000 
 0.000000000000000e+000  0.000000000000000e+000  0.000000000000000e+000  0.000000000000000e+000  0.000000000000000e+000  0.000000000000000e+000  0.000000000000000e+000  0.000000000000000e+000  0.000000000000000e+000  0.000000000000000e+000  0.000000000000000e+000  0.000000000000000e+000  0.000000000000000e+000  0.000000000000000e+000  0.000000000000000e+000  0.000000000000000e+000  0.000000000000000e+000  0.000000000000000e+000  0.000000000000000e+000 
 0.000000000000000e+000  0.000000000000000e+000  0.000000000000000e+000  0.000000000000000e+000  0.000000000000000e+000  0.000000000000000e+000  0.000000000000000e+000  0.000000000000000e+000  0.000000000000000e+000  0.000000000000000e+000  0.000000000000000e+000  0.000000000000000e+000  0.000000000000000e+000  0.000000000000000e+000  0.000000000000000e+000  0.000000000000000e+000  0.000000000000000e+000  0.000000000000000e+000  0.000000000000000e+000 
 0.000000000000000e+000  0.000000000000000e+000  0.000000000000000e+000  0.000000000000000e+000  0.000000000000000e+000  0.000000000000000e+000  0.000000000000000e+000  0.000000000000000e+000  0.000000000000000e+000  0.000000000000000e+000  0.000000000000000e+000  0.000000000000000e+000  0.000000000000000e+000  0.000000000000000e+000  0.000000000000000e+000  0.000000000000000e+000  0.000000000000000e+000  0.000000000000000e+000  0.000000000000000e+000 

Lx[7][8-19]
 4.120946460474323e-001  8.690861632666432e-002 -1.880638724779333e-001 -1.903755280897480e-001 -2.666342631560309e-001 -2.283627301745815e-002 -2.070194916304100e-001  3.629778861732703e-001  0.000000000000000e+000  1.963762732006495e-002 -1.845599819960847e-002  1.176665070375692e-002 
 4.973161611081731e-001  1.048813903634774e-001 -2.826268158431249e-001 -2.949177526524381e-001  2.045765467779137e-002 -2.900812664876959e-002 -2.629696898170670e-001  2.374958489182159e-001  0.000000000000000e+000  1.421275153496028e-002 -1.335754633008496e-002  8.516124688866394e-003 
 2.578750511900358e-001  5.438450632409857e-002 -1.465514501696834e-001 -1.529247117017689e-001  1.060797770076094e-002  3.647484425550826e-002  3.306583219293716e-001 -3.953838872934998e-001  0.000000000000000e+000  7.369786699595976e-003 -6.926334217589786e-003  4.415895283170719e-003 
 2.716622425738906e-001  5.729215323893815e-002  9.726704807015787e-002  1.335020257807379e-001  1.117512918781294e-002 -1.584588106027402e-002 -1.436489325130254e-001  6.221214279931837e-001 -1.066917706865332e+000  5.064374213311439e-002 -4.759642284662247e-002  3.034517430741845e-002 
 2.634797696013018e-001  5.556651227029482e-002  9.433736235300827e-002  1.294809417044713e-001  1.083853404055185e-002 -1.536860275956471e-002 -1.393222233734240e-001  6.033831163235450e-001  0.000000000000000e+000 -3.610289565346749e-002 -9.957236914685107e-001  2.943117696179393e-002 
 1.469202795236991e+000  3.098472238404613e-001  5.260393110031013e-001  7.220051914042178e-001  6.043729479779891e-002 -8.569763882595956e-002 -7.768816570949958e-001 -2.092213206131461e+000  0.000000000000000e+000 -2.013151722824408e-001  1.892016991992853e-001 -1.206258411469992e-001 
 5.789026186086050e-001  1.220875496775215e-001  2.072726349405290e-001  2.844880892603309e-001  2.381380455679194e-002 -3.376701139267842e-002 -3.061107881766179e-001 -1.218409281638251e+000  0.000000000000000e+000 -7.932320900679236e-002  7.455019788061057e-002  3.464953952899506e-001 

Lv[7][8-19][8]
 7.410000338263143e-001 -5.462174504013589e-002  1.423144400402543e-001  1.478832795167808e-001  1.932225990572449e-002 -2.805867946864765e-002 -2.543625903832625e-001  2.919514005025468e-001  0.000000000000000e+000 -8.232821346288208e-003  7.737438615587847e-003 -4.933016168874246e-003 
-2.649664423611390e-001  9.441199561812436e-001  1.456763053652762e-001  1.513876699474066e-001  1.925452827716694e-002 -2.885176518231755e-002 -2.615522137135566e-001  3.004760392842022e-001  0.000000000000000e+000 -8.408262341729820e-003  7.902323030758487e-003 -5.038138487310934e-003 
-2.558970592805298e+000 -5.396735812377780e-001  1.192378304406064e-001 -1.216031765186168e+000 -7.530132396487815e-002  1.491361865780114e-001  1.351976196180300e+000  3.543731780033972e+000  0.000000000000000e+000  3.425974094696894e-001 -3.219827461488969e-001  2.052806066404402e-001 
-2.644701705854302e+000 -5.577538268383875e-001 -9.109341589776058e-001 -2.575494327967256e-001 -7.838559929981541e-002  1.541349530131206e-001  1.397291913214525e+000  3.664335242419010e+000  0.000000000000000e+000  3.542258627321984e-001 -3.329114957874955e-001  2.122482481754794e-001 
 1.968025807597775e-001  4.150464012915178e-002  5.082710901026533e-002  7.372575454792463e-002  8.095693548165417e-003 -7.244539944054121e-003 -6.567450718283696e-002  6.799786686386878e-001  0.000000000000000e+000  3.334229697856309e-002 -3.133603479573190e-002  1.997833831008789e-002 
 0.000000000000000e+000  0.000000000000000e+000  0.000000000000000e+000  0.000000000000000e+000  0.000000000000000e+000  0.000000000000000e+000  0.000000000000000e+000  0.000000000000000e+000  0.000000000000000e+000  0.000000000000000e+000  0.000000000000000e+000  0.000000000000000e+000 
 0.000000000000000e+000  0.000000000000000e+000  0.000000000000000e+000  0.000000000000000e+000  0.000000000000000e+000  0.000000000000000e+000  0.000000000000000e+000  0.000000000000000e+000  0.000000000000000e+000  0.000000000000000e+000  0.000000000000000e+000  0.000000000000000e+000 
 0.000000000000000e+000  0.000000000000000e+000  0.000000000000000e+000  0.000000000000000e+000  0.000000000000000e+000  0.000000000000000e+000  0.000000000000000e+000  0.000000000000000e+000  0.000000000000000e+000  0.000000000000000e+000  0.000000000000000e+000  0.000000000000000e+000 

 1.968025807597775e-001  4.150464012915178e-002  5.082710901026533e-002  7.372575454792463e-002  8.095693548165417e-003 -7.244539944054121e-003 -6.567450718283696e-002  6.799786686386878e-001  0.000000000000000e+000  3.334229697856309e-002 -3.133603479573190e-002  1.997833831008789e-002 
 0.000000000000000e+000  0.000000000000000e+000  0.000000000000000e+000  0.000000000000000e+000  0.000000000000000e+000  0.000000000000000e+000  0.000000000000000e+000  0.000000000000000e+000  0.000000000000000e+000  0.000000000000000e+000  0.000000000000000e+000  0.000000000000000e+000 
 0.000000000000000e+000  0.000000000000000e+000  0.000000000000000e+000  0.000000000000000e+000  0.000000000000000e+000  0.000000000000000e+000  0.000000000000000e+000  0.000000000000000e+000  0.000000000000000e+000  0.000000000000000e+000  0.000000000000000e+000  0.000000000000000e+000 
 0.000000000000000e+000  0.000000000000000e+000  0.000000000000000e+000  0.000000000000000e+000  0.000000000000000e+000  0.000000000000000e+000  0.000000000000000e+000  0.000000000000000e+000  0.000000000000000e+000  0.000000000000000e+000  0.000000000000000e+000  0.000000000000000e+000 
-7.937804965121142e-003 -1.674041759111331e-003  4.511087146407800e-003  4.707266291307355e-003 -3.265304560267461e-004  8.995267989403665e-001 -9.108277427732595e-001  1.012170546042372e+000  0.000000000000000e+000 -2.268537773854901e-004  2.132036034069688e-004 -1.359282929560227e-004 
 7.671752239519869e-002  1.617932623810205e-002 -4.359888290300784e-002 -4.549492066262001e-002  3.155860805728585e-003 -8.849922425723536e-002  1.977209064976497e-001  8.823737616796958e-001  0.000000000000000e+000  2.192502817022952e-003 -2.060576228690662e-003  1.313723618155857e-003 
 1.443474477055218e-002  3.044212554251066e-003  5.444803688355769e-001 -5.322184782967462e-001  5.937893174835680e-004 -8.419692284155726e-004 -7.632770964937530e-003  9.251414751941098e-001  0.000000000000000e+000  8.037880828161681e-002 -7.554227996864175e-002  4.816209950515040e-002 
 4.597959455470768e-001  9.696857215540551e-002 -2.960607055732784e-001  6.866438190342350e-001  1.891421878446586e-002 -2.681959699700813e-002 -2.431298369838412e-001  2.909263833198076e-001  0.000000000000000e+000  1.935389929498615e-002 -1.818934256781113e-002  1.159664398596173e-002 

-7.937804965121142e-003 -1.674041759111331e-003  4.511087146407800e-003  4.707266291307355e-003 -3.265304560267461e-004  8.995267989403665e-001 -9.108277427732595e-001  1.012170546042372e+000  0.000000000000000e+000 -2.268537773854901e-004  2.132036034069688e-004 -1.359282929560227e-004 
 7.671752239519869e-002  1.617932623810205e-002 -4.359888290300784e-002 -4.549492066262001e-002  3.155860805728585e-003 -8.849922425723536e-002  1.977209064976497e-001  8.823737616796958e-001  0.000000000000000e+000  2.192502817022952e-003 -2.060576228690662e-003  1.313723618155857e-003 
 0.000000000000000e+000  0.000000000000000e+000  0.000000000000000e+000  0.000000000000000e+000  0.000000000000000e+000  0.000000000000000e+000  0.000000000000000e+000  0.000000000000000e+000  0.000000000000000e+000  0.000000000000000e+000  0.000000000000000e+000  0.000000000000000e+000 
 0.000000000000000e+000  0.000000000000000e+000  0.000000000000000e+000  0.000000000000000e+000  0.000000000000000e+000  0.000000000000000e+000  0.000000000000000e+000  0.000000000000000e+000  0.000000000000000e+000  0.000000000000000e+000  0.000000000000000e+000  0.000000000000000e+000 
 6.830697776107048e-002  1.440558614291625e-002 -3.881913586210466e-002 -4.050731093653957e-002  2.809883676423705e-003  9.661603027907733e-003  8.758610241010856e-002  8.952691302558771e-001  0.000000000000000e+000  1.952138657345952e-003 -1.834675185456358e-003  1.169700052450880e-003 
 0.000000000000000e+000  0.000000000000000e+000  0.000000000000000e+000  0.000000000000000e+000  0.000000000000000e+000  0.000000000000000e+000  0.000000000000000e+000  0.000000000000000e+000  0.000000000000000e+000  0.000000000000000e+000  0.000000000000000e+000  0.000000000000000e+000 
 0.000000000000000e+000  0.000000000000000e+000  0.000000000000000e+000  0.000000000000000e+000  0.000000000000000e+000  0.000000000000000e+000  0.000000000000000e+000  0.000000000000000e+000  0.000000000000000e+000  0.000000000000000e+000  0.000000000000000e+000  0.000000000000000e+000 
 0.000000000000000e+000  0.000000000000000e+000  0.000000000000000e+000  0.000000000000000e+000  0.000000000000000e+000  0.000000000000000e+000  0.000000000000000e+000  0.000000000000000e+000  0.000000000000000e+000  0.000000000000000e+000  0.000000000000000e+000  0.000000000000000e+000 

 1.443474477055218e-002  3.044212554251066e-003  5.444803688355769e-001 -5.322184782967462e-001  5.937893174835680e-004 -8.419692284155726e-004 -7.632770964937530e-003  9.251414751941098e-001  0.000000000000000e+000  8.037880828161681e-002 -7.554227996864175e-002  4.816209950515040e-002 
 4.597959455470768e-001  9.696857215540551e-002 -2.960607055732784e-001  6.866438190342350e-001  1.891421878446586e-002 -2.681959699700813e-002 -2.431298369838412e-001  2.909263833198076e-001  0.000000000000000e+000  1.935389929498615e-002 -1.818934256781113e-002  1.159664398596173e-002 
 0.000000000000000e+000  0.000000000000000e+000  0.000000000000000e+000  0.000000000000000e+000  0.000000000000000e+000  0.000000000000000e+000  0.000000000000000e+000  0.000000000000000e+000  0.000000000000000e+000  0.000000000000000e+000  0.000000000000000e+000  0.000000000000000e+000 
 0.000000000000000e+000  0.000000000000000e+000  0.000000000000000e+000  0.000000000000000e+000  0.000000000000000e+000  0.000000000000000e+000  0.000000000000000e+000  0.000000000000000e+000  0.000000000000000e+000  0.000000000000000e+000  0.000000000000000e+000  0.000000000000000e+000 
 2.546234267421153e-001  5.369875564936109e-002  9.116640153619181e-002  1.251287001065666e-001  1.047421850429883e-002 -1.485201806878823e-002 -1.346391868732543e-001  5.831016056721127e-001  0.000000000000000e+000  4.746733680323735e-002 -4.461114717691169e-002  2.844190710507034e-002 
 0.000000000000000e+000  0.000000000000000e+000  0.000000000000000e+000  0.000000000000000e+000  0.000000000000000e+000  0.000000000000000e+000  0.000000000000000e+000  0.000000000000000e+000  0.000000000000000e+000  0.000000000000000e+000  0.000000000000000e+000  0.000000000000000e+000 
 0.000000000000000e+000  0.000000000000000e+000  0.000000000000000e+000  0.000000000000000e+000  0.000000000000000e+000  0.000000000000000e+000  0.000000000000000e+000  0.000000000000000e+000  0.000000000000000e+000  0.000000000000000e+000  0.000000000000000e+000  0.000000000000000e+000 
 0.000000000000000e+000  0.000000000000000e+000  0.000000000000000e+000  0.000000000000000e+000  0.000000000000000e+000  0.000000000000000e+000  0.000000000000000e+000  0.000000000000000e+000  0.000000000000000e+000  0.000000000000000e+000  0.000000000000000e+000  0.000000000000000e+000 

 2.546234267421153e-001  5.369875564936109e-002  9.116640153619181e-002  1.251287001065666e-001  1.047421850429883e-002 -1.485201806878823e-002 -1.346391868732543e-001  5.831016056721127e-001  0.000000000000000e+000  4.746733680323735e-002 -4.461114717691169e-002  2.844190710507034e-002 
 0.000000000000000e+000  0.000000000000000e+000  0.000000000000000e+000  0.000000000000000e+000  0.000000000000000e+000  0.000000000000000e+000  0.000000000000000e+000  0.000000000000000e+000  0.000000000000000e+000  0.000000000000000e+000  0.000000000000000e+000  0.000000000000000e+000 
 0.000000000000000e+000  0.000000000000000e+000  0.000000000000000e+000  0.000000000000000e+000  0.000000000000000e+000  0.000000000000000e+000  0.000000000000000e+000  0.000000000000000e+000  0.000000000000000e+000  0.000000000000000e+000  0.000000000000000e+000  0.000000000000000e+000 
 0.000000000000000e+000  0.000000000000000e+000  0.000000000000000e+000  0.000000000000000e+000  0.000000000000000e+000  0.000000000000000e+000  0.000000000000000e+000  0.000000000000000e+000  0.000000000000000e+000  0.000000000000000e+000  0.000000000000000e+000  0.000000000000000e+000 
 2.404940846567995e-001  5.071895093212252e-002  8.610747474978607e-002  1.181851669402833e-001  9.892992266724684e-003 -1.402786277940185e-002 -1.271679060340890e-001  5.507446377275154e-001  0.000000000000000e+000  9.670466812052437e-001 -9.088578531595384e-001  2.686363349455406e-002 
 2.558915077955831e-001  5.396618734449227e-002  9.162043040533421e-002  1.257518687437984e-001  1.052638243204561e-002 -1.492598440786302e-002 -1.353097198407538e-001  5.860055808006399e-001  0.000000000000000e+000 -3.506312616916284e-002  3.295331879475616e-002  2.858355410113000e-002 
 0.000000000000000e+000  0.000000000000000e+000  0.000000000000000e+000  0.000000000000000e+000  0.000000000000000e+000  0.000000000000000e+000  0.000000000000000e+000  0.000000000000000e+000  0.000000000000000e+000  0.000000000000000e+000  0.000000000000000e+000  0.000000000000000e+000 
 0.000000000000000e+000  0.000000000000000e+000  0.000000000000000e+000  0.000000000000000e+000  0.000000000000000e+000  0.000000000000000e+000  0.000000000000000e+000  0.000000000000000e+000  0.000000000000000e+000  0.000000000000000e+000  0.000000000000000e+000  0.000000000000000e+000 

 2.558915077955831e-001  5.396618734449227e-002  9.162043040533421e-002  1.257518687437984e-001  1.052638243204561e-002 -1.492598440786302e-002 -1.353097198407538e-001  5.860055808006399e-001  0.000000000000000e+000 -3.506312616916284e-002  3.295331879475616e-002  2.858355410113000e-002 
 0.000000000000000e+000  0.000000000000000e+000  0.000000000000000e+000  0.000000000000000e+000  0.000000000000000e+000  0.000000000000000e+000  0.000000000000000e+000  0.000000000000000e+000  0.000000000000000e+000  0.000000000000000e+000  0.000000000000000e+000  0.000000000000000e+000 
 0.000000000000000e+000  0.000000000000000e+000  0.000000000000000e+000  0.000000000000000e+000  0.000000000000000e+000  0.000000000000000e+000  0.000000000000000e+000  0.000000000000000e+000  0.000000000000000e+000  0.000000000000000e+000  0.000000000000000e+000  0.000000000000000e+000 
 0.000000000000000e+000  0.000000000000000e+000  0.000000000000000e+000  0.000000000000000e+000  0.000000000000000e+000  0.000000000000000e+000  0.000000000000000e+000  0.000000000000000e+000  0.000000000000000e+000  0.000000000000000e+000  0.000000000000000e+000  0.000000000000000e+000 
 1.461005510657074e-001  3.081184591809111e-002  5.231043220781589e-002  7.179768285115618e-002  6.010009035855718e-003 -8.521949657387493e-003 -7.725471159079167e-002  6.925039518757585e-001  0.000000000000000e+000 -2.001919524227969e-002  1.881460653709477e-002  8.744677699897929e-002 
 3.651184780130281e-001  7.700158695038593e-002  1.307284965908963e-001  1.794288967170730e-001  1.501955561433406e-002 -2.129712219367055e-002 -1.930665046066762e-001  4.800542825143109e-001  0.000000000000000e+000 -5.002977774272386e-002  4.701940172798175e-002 -2.997729358493990e-002 
 0.000000000000000e+000  0.000000000000000e+000  0.000000000000000e+000  0.000000000000000e+000  0.000000000000000e+000  0.000000000000000e+000  0.000000000000000e+000  0.000000000000000e+000  0.000000000000000e+000  0.000000000000000e+000  0.000000000000000e+000  0.000000000000000e+000 
 0.000000000000000e+000  0.000000000000000e+000  0.000000000000000e+000  0.000000000000000e+000  0.000000000000000e+000  0.000000000000000e+000  0.000000000000000e+000  0.000000000000000e+000  0.000000000000000e+000  0.000000000000000e+000  0.000000000000000e+000  0.000000000000000e+000 

 1.461005510657074e-001  3.081184591809111e-002  5.231043220781589e-002  7.179768285115618e-002  6.010009035855718e-003 -8.521949657387493e-003 -7.725471159079167e-002  6.925039518757585e-001  0.000000000000000e+000 -2.001919524227969e-002  1.881460653709477e-002  8.744677699897929e-002 
 0.000000000000000e+000  0.000000000000000e+000  0.000000000000000e+000  0.000000000000000e+000  0.000000000000000e+000  0.000000000000000e+000  0.000000000000000e+000  0.000000000000000e+000  0.000000000000000e+000  0.000000000000000e+000  0.000000000000000e+000  0.000000000000000e+000 
 0.000000000000000e+000  0.000000000000000e+000  0.000000000000000e+000  0.000000000000000e+000  0.000000000000000e+000  0.000000000000000e+000  0.000000000000000e+000  0.000000000000000e+000  0.000000000000000e+000  0.000000000000000e+000  0.000000000000000e+000  0.000000000000000e+000 
 0.000000000000000e+000  0.000000000000000e+000  0.000000000000000e+000  0.000000000000000e+000  0.000000000000000e+000  0.000000000000000e+000  0.000000000000000e+000  0.000000000000000e+000  0.000000000000000e+000  0.000000000000000e+000  0.000000000000000e+000  0.000000000000000e+000 
 1.461005510657073e-001  3.081184591809111e-002  5.231043220781576e-002  7.179768285115620e-002  6.010009035855891e-003 -8.521949657387506e-003 -7.725471159079168e-002  6.925039518757585e-001  0.000000000000000e+000 -2.001919524227969e-002  1.881460653709475e-002  8.744677699897929e-002 
 0.000000000000000e+000  0.000000000000000e+000  0.000000000000000e+000  0.000000000000000e+000  0.000000000000000e+000  0.000000000000000e+000  0.000000000000000e+000  0.000000000000000e+000  0.000000000000000e+000  0.000000000000000e+000  0.000000000000000e+000  0.000000000000000e+000 
 0.000000000000000e+000  0.000000000000000e+000  0.000000000000000e+000  0.000000000000000e+000  0.000000000000000e+000  0.000000000000000e+000  0.000000000000000e+000  0.000000000000000e+000  0.000000000000000e+000  0.000000000000000e+000  0.000000000000000e+000  0.000000000000000e+000 
 0.000000000000000e+000  0.000000000000000e+000  0.000000000000000e+000  0.000000000000000e+000  0.000000000000000e+000  0.000000000000000e+000  0.000000000000000e+000  0.000000000000000e+000  0.000000000000000e+000  0.000000000000000e+000  0.000000000000000e+000  0.000000000000000e+000 

