nd= 7 ni=12 
cp= 4 cm= 4 

************ S-system ***********

 1  3.440372240955652e-001
 2  9.644595759228367e-001
 3  6.938093282799436e+001
 4  9.368478961146508e-001
 5  4.527327997227455e+001
 6  3.023906988307960e+002
 7  5.924715059401103e+001
-------------------------------
 8  2.500000000000000e-001
 9  2.500000000000000e-001
10  6.300000000000000e-001
11  6.300000000000000e-001
12  1.160000000000000e+001
13  1.600000000000000e+000
14  1.600000000000000e+000
15  4.300000000000000e-001
16  4.000000000000000e+000
17  7.000000000000000e-001
18  7.400000000000000e+000
19  3.600000000000000e-001
-------------------------------

alpha[7]
 2.426179130571846e+002  3.450500371057615e+000  2.369006722397588e+002  2.970027279417098e+000  1.866904666145019e-001  2.147419505210970e-003  3.324872741847082e+001 

beta[7]
 3.450500371057615e+000  2.147581465251377e+001  2.391337080150079e-001  1.866904666145019e-001  2.894386650516219e-003  4.883539030768692e+000  2.668743607674530e-001 

g[7][19]
-1.059321008206734e-001  0.000000000000000e+000 -7.421835000858175e-001  0.000000000000000e+000  0.000000000000000e+000 -2.031257044348952e-001  0.000000000000000e+000  7.302800931697951e-001  1.540122712999024e-001  2.898914528857048e-002  8.671849024173209e-002  0.000000000000000e+000  0.000000000000000e+000  0.000000000000000e+000  0.000000000000000e+000  0.000000000000000e+000  0.000000000000000e+000  0.000000000000000e+000  0.000000000000000e+000 
 3.526264231916178e+000 -2.526264231916177e+000  0.000000000000000e+000  0.000000000000000e+000  0.000000000000000e+000  0.000000000000000e+000  0.000000000000000e+000  0.000000000000000e+000  0.000000000000000e+000  0.000000000000000e+000  0.000000000000000e+000  9.999999999999998e-001  0.000000000000000e+000  0.000000000000000e+000  0.000000000000000e+000  0.000000000000000e+000  0.000000000000000e+000  0.000000000000000e+000  0.000000000000000e+000 
 0.000000000000000e+000  1.000000000000000e+000 -1.663631985208809e+000  0.000000000000000e+000  0.000000000000000e+000  0.000000000000000e+000  0.000000000000000e+000  0.000000000000000e+000  0.000000000000000e+000  0.000000000000000e+000  0.000000000000000e+000  0.000000000000000e+000  9.935044723565066e-002  9.006495527643494e-001  0.000000000000000e+000  0.000000000000000e+000  0.000000000000000e+000  0.000000000000000e+000  0.000000000000000e+000 
 0.000000000000000e+000  1.000000000000000e+000  0.000000000000000e+000  0.000000000000000e+000  0.000000000000000e+000 -1.651866816159372e-001  0.000000000000000e+000  0.000000000000000e+000  0.000000000000000e+000  4.606879055634530e-001  5.393120944365469e-001  0.000000000000000e+000  0.000000000000000e+000  0.000000000000000e+000  0.000000000000000e+000  0.000000000000000e+000  0.000000000000000e+000  0.000000000000000e+000  0.000000000000000e+000 
 0.000000000000000e+000  0.000000000000000e+000  0.000000000000000e+000  9.372794111160264e-001  0.000000000000000e+000  0.000000000000000e+000  0.000000000000000e+000  0.000000000000000e+000  0.000000000000000e+000  0.000000000000000e+000  0.000000000000000e+000  0.000000000000000e+000  0.000000000000000e+000  0.000000000000000e+000  0.000000000000000e+000  1.000000000000000e+000  0.000000000000000e+000  0.000000000000000e+000  0.000000000000000e+000 
 0.000000000000000e+000  0.000000000000000e+000  0.000000000000000e+000  0.000000000000000e+000  9.711998313297402e-001  0.000000000000000e+000  0.000000000000000e+000  0.000000000000000e+000  0.000000000000000e+000  0.000000000000000e+000  0.000000000000000e+000  0.000000000000000e+000  0.000000000000000e+000  0.000000000000000e+000  0.000000000000000e+000  0.000000000000000e+000  0.000000000000000e+000  1.000000000000000e+000  0.000000000000000e+000 
 0.000000000000000e+000  0.000000000000000e+000  0.000000000000000e+000  0.000000000000000e+000  0.000000000000000e+000  1.000000000000000e+000 -2.285535082483071e+000  0.000000000000000e+000  0.000000000000000e+000  0.000000000000000e+000  0.000000000000000e+000  0.000000000000000e+000  0.000000000000000e+000  0.000000000000000e+000  0.000000000000000e+000  0.000000000000000e+000  0.000000000000000e+000  0.000000000000000e+000  9.999999999999998e-001 

h[7][19]
 3.526264231916178e+000 -2.526264231916177e+000  0.000000000000000e+000  0.000000000000000e+000  0.000000000000000e+000  0.000000000000000e+000  0.000000000000000e+000  0.000000000000000e+000  0.000000000000000e+000  0.000000000000000e+000  0.000000000000000e+000  9.999999999999998e-001  0.000000000000000e+000  0.000000000000000e+000  0.000000000000000e+000  0.000000000000000e+000  0.000000000000000e+000  0.000000000000000e+000  0.000000000000000e+000 
 0.000000000000000e+000  1.000000000000000e+000 -5.162861857561217e-001  0.000000000000000e+000  0.000000000000000e+000 -1.139231795028189e-001  0.000000000000000e+000  0.000000000000000e+000  0.000000000000000e+000  3.177195064812015e-001  3.719437181103116e-001  0.000000000000000e+000  3.083209743050287e-002  2.795046779779843e-001  0.000000000000000e+000  0.000000000000000e+000  0.000000000000000e+000  0.000000000000000e+000  0.000000000000000e+000 
 0.000000000000000e+000  0.000000000000000e+000  2.648840104765816e-001  0.000000000000000e+000  0.000000000000000e+000  0.000000000000000e+000  0.000000000000000e+000  0.000000000000000e+000  0.000000000000000e+000  0.000000000000000e+000  0.000000000000000e+000  0.000000000000000e+000  0.000000000000000e+000  0.000000000000000e+000  1.000000000000000e+000  0.000000000000000e+000  0.000000000000000e+000  0.000000000000000e+000  0.000000000000000e+000 
 0.000000000000000e+000  0.000000000000000e+000  0.000000000000000e+000  9.372794111160264e-001  0.000000000000000e+000  0.000000000000000e+000  0.000000000000000e+000  0.000000000000000e+000  0.000000000000000e+000  0.000000000000000e+000  0.000000000000000e+000  0.000000000000000e+000  0.000000000000000e+000  0.000000000000000e+000  0.000000000000000e+000  1.000000000000000e+000  0.000000000000000e+000  0.000000000000000e+000  0.000000000000000e+000 
 0.000000000000000e+000  0.000000000000000e+000  0.000000000000000e+000  0.000000000000000e+000  9.663870100061650e-001  0.000000000000000e+000  0.000000000000000e+000  0.000000000000000e+000  0.000000000000000e+000  0.000000000000000e+000  0.000000000000000e+000  0.000000000000000e+000  0.000000000000000e+000  0.000000000000000e+000  0.000000000000000e+000  0.000000000000000e+000  8.235670618635638e-002  9.176432938136435e-001  0.000000000000000e+000 
 0.000000000000000e+000  0.000000000000000e+000  0.000000000000000e+000  0.000000000000000e+000  0.000000000000000e+000  6.232897816038420e-001 -1.139824834728476e+000  0.000000000000000e+000  0.000000000000000e+000  0.000000000000000e+000  0.000000000000000e+000  0.000000000000000e+000  0.000000000000000e+000  0.000000000000000e+000  5.012875350440313e-001  0.000000000000000e+000  0.000000000000000e+000  0.000000000000000e+000  4.987124649559686e-001 
 0.000000000000000e+000  0.000000000000000e+000  0.000000000000000e+000  0.000000000000000e+000  0.000000000000000e+000  0.000000000000000e+000  2.523750046542553e-001  0.000000000000000e+000  0.000000000000000e+000  0.000000000000000e+000  0.000000000000000e+000  0.000000000000000e+000  0.000000000000000e+000  0.000000000000000e+000  1.000000000000000e+000  0.000000000000000e+000  0.000000000000000e+000  0.000000000000000e+000  0.000000000000000e+000 

Lx[7][8-19]
 4.120946460474323e-001  8.690861632666432e-002 -1.880638724779333e-001 -1.903755280897480e-001 -2.666342631560309e-001 -2.283627301745815e-002 -2.070194916304100e-001  3.629778861732703e-001  0.000000000000000e+000  1.963762732006495e-002 -1.845599819960847e-002  1.176665070375692e-002 
 4.973161611081731e-001  1.048813903634774e-001 -2.826268158431249e-001 -2.949177526524381e-001  2.045765467779137e-002 -2.900812664876959e-002 -2.629696898170670e-001  2.374958489182159e-001  0.000000000000000e+000  1.421275153496028e-002 -1.335754633008496e-002  8.516124688866394e-003 
 2.578750511900358e-001  5.438450632409857e-002 -1.465514501696834e-001 -1.529247117017689e-001  1.060797770076094e-002  3.647484425550826e-002  3.306583219293716e-001 -3.953838872934998e-001  0.000000000000000e+000  7.369786699595976e-003 -6.926334217589786e-003  4.415895283170719e-003 
 2.716622425738906e-001  5.729215323893815e-002  9.726704807015787e-002  1.335020257807379e-001  1.117512918781294e-002 -1.584588106027402e-002 -1.436489325130254e-001  6.221214279931837e-001 -1.066917706865332e+000  5.064374213311439e-002 -4.759642284662247e-002  3.034517430741845e-002 
 2.634797696013018e-001  5.556651227029482e-002  9.433736235300827e-002  1.294809417044713e-001  1.083853404055185e-002 -1.536860275956471e-002 -1.393222233734240e-001  6.033831163235450e-001  0.000000000000000e+000 -3.610289565346749e-002 -9.957236914685107e-001  2.943117696179393e-002 
 1.469202795236991e+000  3.098472238404613e-001  5.260393110031013e-001  7.220051914042178e-001  6.043729479779891e-002 -8.569763882595956e-002 -7.768816570949958e-001 -2.092213206131461e+000  0.000000000000000e+000 -2.013151722824408e-001  1.892016991992853e-001 -1.206258411469992e-001 
 5.789026186086050e-001  1.220875496775215e-001  2.072726349405290e-001  2.844880892603309e-001  2.381380455679194e-002 -3.376701139267842e-002 -3.061107881766179e-001 -1.218409281638251e+000  0.000000000000000e+000 -7.932320900679236e-002  7.455019788061057e-002  3.464953952899506e-001 

LV[7][8-19]
 1.968025807597778e-001  4.150464012915187e-002  5.082710901026522e-002  7.372575454792452e-002  8.095693548165242e-003 -7.244539944054131e-003 -6.567450718283716e-002  6.799786686386879e-001  0.000000000000000e+000  3.334229697856309e-002 -3.133603479573194e-002  1.997833831008785e-002 
 1.968025807597775e-001  4.150464012915178e-002  5.082710901026533e-002  7.372575454792463e-002  8.095693548165417e-003 -7.244539944054121e-003 -6.567450718283696e-002  6.799786686386878e-001  0.000000000000000e+000  3.334229697856309e-002 -3.133603479573190e-002  1.997833831008789e-002 
 6.830697776107048e-002  1.440558614291623e-002 -3.881913586210462e-002 -4.050731093653959e-002  2.809883676423670e-003  9.661603027907736e-003  8.758610241010856e-002  8.952691302558771e-001  0.000000000000000e+000  1.952138657345953e-003 -1.834675185456360e-003  1.169700052450875e-003 
 2.546234267421152e-001  5.369875564936108e-002  9.116640153619182e-002  1.251287001065665e-001  1.047421850429882e-002 -1.485201806878823e-002 -1.346391868732543e-001  5.831016056721128e-001  0.000000000000000e+000  4.746733680323736e-002 -4.461114717691162e-002  2.844190710507036e-002 
 2.546234267421153e-001  5.369875564936109e-002  9.116640153619181e-002  1.251287001065666e-001  1.047421850429883e-002 -1.485201806878823e-002 -1.346391868732543e-001  5.831016056721127e-001  0.000000000000000e+000  4.746733680323735e-002 -4.461114717691169e-002  2.844190710507034e-002 
 2.558915077955831e-001  5.396618734449227e-002  9.162043040533421e-002  1.257518687437984e-001  1.052638243204561e-002 -1.492598440786302e-002 -1.353097198407538e-001  5.860055808006399e-001  0.000000000000000e+000 -3.506312616916284e-002  3.295331879475616e-002  2.858355410113000e-002 
 1.461005510657074e-001  3.081184591809111e-002  5.231043220781589e-002  7.179768285115618e-002  6.010009035855718e-003 -8.521949657387493e-003 -7.725471159079167e-002  6.925039518757585e-001  0.000000000000000e+000 -2.001919524227969e-002  1.881460653709477e-002  8.744677699897929e-002 

