nd= 7 ni=12 
cp= 4 cm= 4 


************ GMA-system ***********

 1  3.440372240955652e-001
 2  9.644595759228367e-001
 3  6.938093282799436e+001
 4  9.368478961146508e-001
 5  4.527327997227455e+001
 6  3.023906988307960e+002
 7  5.924715059401103e+001
-------------------------------
 8  2.500000000000000e-001
 9  2.500000000000000e-001
10  6.300000000000000e-001
11  6.300000000000000e-001
12  1.160000000000000e+001
13  1.600000000000000e+000
14  1.600000000000000e+000
15  4.300000000000000e-001
16  4.000000000000000e+000
17  7.000000000000000e-001
18  7.400000000000000e+000
19  3.600000000000000e-001
-------------------------------

alpha[7][8]
 9.179211018801679e+001  2.124897350124618e+001  7.394547869962697e+002  3.074157951275086e+003  3.450500371057616e+000  1.000000000000000e-015  1.000000000000000e-015  1.000000000000000e-015 
 3.450500371057616e+000  1.000000000000000e-015  1.000000000000000e-015  1.000000000000000e-015  8.243800926898882e+001  1.858105812787582e+002  3.480938349138860e+000  7.214263576226057e-001 
 8.243800926898882e+001  1.858105812787582e+002  1.000000000000000e-015  1.000000000000000e-015  2.391337080150079e-001  1.000000000000000e-015  1.000000000000000e-015  1.000000000000000e-015 
 3.480938349138860e+000  7.214263576226057e-001  1.000000000000000e-015  1.000000000000000e-015  1.866904666145019e-001  1.000000000000000e-015  1.000000000000000e-015  1.000000000000000e-015 
 1.866904666145019e-001  1.000000000000000e-015  1.000000000000000e-015  1.000000000000000e-015  2.545897698038970e-003  2.147419505210970e-003  1.000000000000000e-015  1.000000000000000e-015 
 2.147419505210970e-003  1.000000000000000e-015  1.000000000000000e-015  1.000000000000000e-015  3.324872741847083e+001  1.817451372184473e-001  1.000000000000000e-015  1.000000000000000e-015 
 3.324872741847083e+001  1.000000000000000e-015  1.000000000000000e-015  1.000000000000000e-015  2.668743607674530e-001  1.000000000000000e-015  1.000000000000000e-015  1.000000000000000e-015 

g[7][19][8]
-1.057051029037040e-001  0.000000000000000e+000 -8.354412658881554e-001  0.000000000000000e+000  0.000000000000000e+000  0.000000000000000e+000  0.000000000000000e+000  1.000000000000000e+000  0.000000000000000e+000  0.000000000000000e+000  0.000000000000000e+000  0.000000000000000e+000  0.000000000000000e+000  0.000000000000000e+000  0.000000000000000e+000  0.000000000000000e+000  0.000000000000000e+000  0.000000000000000e+000  0.000000000000000e+000 
-1.063317412880535e-001  0.000000000000000e+000 -8.575769546176885e-001  0.000000000000000e+000  0.000000000000000e+000  0.000000000000000e+000  0.000000000000000e+000  0.000000000000000e+000  1.000000000000000e+000  0.000000000000000e+000  0.000000000000000e+000  0.000000000000000e+000  0.000000000000000e+000  0.000000000000000e+000  0.000000000000000e+000  0.000000000000000e+000  0.000000000000000e+000  0.000000000000000e+000  0.000000000000000e+000 
-1.056637461096278e-001  0.000000000000000e+000  0.000000000000000e+000  0.000000000000000e+000  0.000000000000000e+000 -1.712103418879251e+000  0.000000000000000e+000  0.000000000000000e+000  0.000000000000000e+000  1.000000000000000e+000  0.000000000000000e+000  0.000000000000000e+000  0.000000000000000e+000  0.000000000000000e+000  0.000000000000000e+000  0.000000000000000e+000  0.000000000000000e+000  0.000000000000000e+000  0.000000000000000e+000 
-1.072236581029126e-001  0.000000000000000e+000  0.000000000000000e+000  0.000000000000000e+000  0.000000000000000e+000 -1.770018011707492e+000  0.000000000000000e+000  0.000000000000000e+000  0.000000000000000e+000  0.000000000000000e+000  1.000000000000000e+000  0.000000000000000e+000  0.000000000000000e+000  0.000000000000000e+000  0.000000000000000e+000  0.000000000000000e+000  0.000000000000000e+000  0.000000000000000e+000  0.000000000000000e+000 
 3.526264231916178e+000 -2.526264231916177e+000  0.000000000000000e+000  0.000000000000000e+000  0.000000000000000e+000  0.000000000000000e+000  0.000000000000000e+000  0.000000000000000e+000  0.000000000000000e+000  0.000000000000000e+000  0.000000000000000e+000  9.999999999999998e-001  0.000000000000000e+000  0.000000000000000e+000  0.000000000000000e+000  0.000000000000000e+000  0.000000000000000e+000  0.000000000000000e+000  0.000000000000000e+000 
 0.000000000000000e+000  0.000000000000000e+000  0.000000000000000e+000  0.000000000000000e+000  0.000000000000000e+000  0.000000000000000e+000  0.000000000000000e+000  0.000000000000000e+000  0.000000000000000e+000  0.000000000000000e+000  0.000000000000000e+000  0.000000000000000e+000  0.000000000000000e+000  0.000000000000000e+000  0.000000000000000e+000  0.000000000000000e+000  0.000000000000000e+000  0.000000000000000e+000  0.000000000000000e+000 
 0.000000000000000e+000  0.000000000000000e+000  0.000000000000000e+000  0.000000000000000e+000  0.000000000000000e+000  0.000000000000000e+000  0.000000000000000e+000  0.000000000000000e+000  0.000000000000000e+000  0.000000000000000e+000  0.000000000000000e+000  0.000000000000000e+000  0.000000000000000e+000  0.000000000000000e+000  0.000000000000000e+000  0.000000000000000e+000  0.000000000000000e+000  0.000000000000000e+000  0.000000000000000e+000 
 0.000000000000000e+000  0.000000000000000e+000  0.000000000000000e+000  0.000000000000000e+000  0.000000000000000e+000  0.000000000000000e+000  0.000000000000000e+000  0.000000000000000e+000  0.000000000000000e+000  0.000000000000000e+000  0.000000000000000e+000  0.000000000000000e+000  0.000000000000000e+000  0.000000000000000e+000  0.000000000000000e+000  0.000000000000000e+000  0.000000000000000e+000  0.000000000000000e+000  0.000000000000000e+000 

 3.526264231916178e+000 -2.526264231916177e+000  0.000000000000000e+000  0.000000000000000e+000  0.000000000000000e+000  0.000000000000000e+000  0.000000000000000e+000  0.000000000000000e+000  0.000000000000000e+000  0.000000000000000e+000  0.000000000000000e+000  9.999999999999998e-001  0.000000000000000e+000  0.000000000000000e+000  0.000000000000000e+000  0.000000000000000e+000  0.000000000000000e+000  0.000000000000000e+000  0.000000000000000e+000 
 0.000000000000000e+000  0.000000000000000e+000  0.000000000000000e+000  0.000000000000000e+000  0.000000000000000e+000  0.000000000000000e+000  0.000000000000000e+000  0.000000000000000e+000  0.000000000000000e+000  0.000000000000000e+000  0.000000000000000e+000  0.000000000000000e+000  0.000000000000000e+000  0.000000000000000e+000  0.000000000000000e+000  0.000000000000000e+000  0.000000000000000e+000  0.000000000000000e+000  0.000000000000000e+000 
 0.000000000000000e+000  0.000000000000000e+000  0.000000000000000e+000  0.000000000000000e+000  0.000000000000000e+000  0.000000000000000e+000  0.000000000000000e+000  0.000000000000000e+000  0.000000000000000e+000  0.000000000000000e+000  0.000000000000000e+000  0.000000000000000e+000  0.000000000000000e+000  0.000000000000000e+000  0.000000000000000e+000  0.000000000000000e+000  0.000000000000000e+000  0.000000000000000e+000  0.000000000000000e+000 
 0.000000000000000e+000  0.000000000000000e+000  0.000000000000000e+000  0.000000000000000e+000  0.000000000000000e+000  0.000000000000000e+000  0.000000000000000e+000  0.000000000000000e+000  0.000000000000000e+000  0.000000000000000e+000  0.000000000000000e+000  0.000000000000000e+000  0.000000000000000e+000  0.000000000000000e+000  0.000000000000000e+000  0.000000000000000e+000  0.000000000000000e+000  0.000000000000000e+000  0.000000000000000e+000 
 0.000000000000000e+000  1.000000000000000e+000 -1.959297589051984e+000  0.000000000000000e+000  0.000000000000000e+000  0.000000000000000e+000  0.000000000000000e+000  0.000000000000000e+000  0.000000000000000e+000  0.000000000000000e+000  0.000000000000000e+000  0.000000000000000e+000  1.000000000000000e+000  0.000000000000000e+000  0.000000000000000e+000  0.000000000000000e+000  0.000000000000000e+000  0.000000000000000e+000  0.000000000000000e+000 
 0.000000000000000e+000  1.000000000000000e+000 -1.631017179723302e+000  0.000000000000000e+000  0.000000000000000e+000  0.000000000000000e+000  0.000000000000000e+000  0.000000000000000e+000  0.000000000000000e+000  0.000000000000000e+000  0.000000000000000e+000  0.000000000000000e+000  0.000000000000000e+000  1.000000000000000e+000  0.000000000000000e+000  0.000000000000000e+000  0.000000000000000e+000  0.000000000000000e+000  0.000000000000000e+000 
 0.000000000000000e+000  1.000000000000000e+000  0.000000000000000e+000  0.000000000000000e+000  0.000000000000000e+000 -3.286690019261291e-001  0.000000000000000e+000  0.000000000000000e+000  0.000000000000000e+000  9.999999999999998e-001  0.000000000000000e+000  0.000000000000000e+000  0.000000000000000e+000  0.000000000000000e+000  0.000000000000000e+000  0.000000000000000e+000  0.000000000000000e+000  0.000000000000000e+000  0.000000000000000e+000 
 0.000000000000000e+000  1.000000000000000e+000  0.000000000000000e+000  0.000000000000000e+000  0.000000000000000e+000 -2.553780572888442e-002  0.000000000000000e+000  0.000000000000000e+000  0.000000000000000e+000  0.000000000000000e+000  1.000000000000000e+000  0.000000000000000e+000  0.000000000000000e+000  0.000000000000000e+000  0.000000000000000e+000  0.000000000000000e+000  0.000000000000000e+000  0.000000000000000e+000  0.000000000000000e+000 

 0.000000000000000e+000  1.000000000000000e+000 -1.959297589051984e+000  0.000000000000000e+000  0.000000000000000e+000  0.000000000000000e+000  0.000000000000000e+000  0.000000000000000e+000  0.000000000000000e+000  0.000000000000000e+000  0.000000000000000e+000  0.000000000000000e+000  1.000000000000000e+000  0.000000000000000e+000  0.000000000000000e+000  0.000000000000000e+000  0.000000000000000e+000  0.000000000000000e+000  0.000000000000000e+000 
 0.000000000000000e+000  1.000000000000000e+000 -1.631017179723302e+000  0.000000000000000e+000  0.000000000000000e+000  0.000000000000000e+000  0.000000000000000e+000  0.000000000000000e+000  0.000000000000000e+000  0.000000000000000e+000  0.000000000000000e+000  0.000000000000000e+000  0.000000000000000e+000  1.000000000000000e+000  0.000000000000000e+000  0.000000000000000e+000  0.000000000000000e+000  0.000000000000000e+000  0.000000000000000e+000 
 0.000000000000000e+000  0.000000000000000e+000  0.000000000000000e+000  0.000000000000000e+000  0.000000000000000e+000  0.000000000000000e+000  0.000000000000000e+000  0.000000000000000e+000  0.000000000000000e+000  0.000000000000000e+000  0.000000000000000e+000  0.000000000000000e+000  0.000000000000000e+000  0.000000000000000e+000  0.000000000000000e+000  0.000000000000000e+000  0.000000000000000e+000  0.000000000000000e+000  0.000000000000000e+000 
 0.000000000000000e+000  0.000000000000000e+000  0.000000000000000e+000  0.000000000000000e+000  0.000000000000000e+000  0.000000000000000e+000  0.000000000000000e+000  0.000000000000000e+000  0.000000000000000e+000  0.000000000000000e+000  0.000000000000000e+000  0.000000000000000e+000  0.000000000000000e+000  0.000000000000000e+000  0.000000000000000e+000  0.000000000000000e+000  0.000000000000000e+000  0.000000000000000e+000  0.000000000000000e+000 
 0.000000000000000e+000  0.000000000000000e+000  2.648840104765816e-001  0.000000000000000e+000  0.000000000000000e+000  0.000000000000000e+000  0.000000000000000e+000  0.000000000000000e+000  0.000000000000000e+000  0.000000000000000e+000  0.000000000000000e+000  0.000000000000000e+000  0.000000000000000e+000  0.000000000000000e+000  1.000000000000000e+000  0.000000000000000e+000  0.000000000000000e+000  0.000000000000000e+000  0.000000000000000e+000 
 0.000000000000000e+000  0.000000000000000e+000  0.000000000000000e+000  0.000000000000000e+000  0.000000000000000e+000  0.000000000000000e+000  0.000000000000000e+000  0.000000000000000e+000  0.000000000000000e+000  0.000000000000000e+000  0.000000000000000e+000  0.000000000000000e+000  0.000000000000000e+000  0.000000000000000e+000  0.000000000000000e+000  0.000000000000000e+000  0.000000000000000e+000  0.000000000000000e+000  0.000000000000000e+000 
 0.000000000000000e+000  0.000000000000000e+000  0.000000000000000e+000  0.000000000000000e+000  0.000000000000000e+000  0.000000000000000e+000  0.000000000000000e+000  0.000000000000000e+000  0.000000000000000e+000  0.000000000000000e+000  0.000000000000000e+000  0.000000000000000e+000  0.000000000000000e+000  0.000000000000000e+000  0.000000000000000e+000  0.000000000000000e+000  0.000000000000000e+000  0.000000000000000e+000  0.000000000000000e+000 
 0.000000000000000e+000  0.000000000000000e+000  0.000000000000000e+000  0.000000000000000e+000  0.000000000000000e+000  0.000000000000000e+000  0.000000000000000e+000  0.000000000000000e+000  0.000000000000000e+000  0.000000000000000e+000  0.000000000000000e+000  0.000000000000000e+000  0.000000000000000e+000  0.000000000000000e+000  0.000000000000000e+000  0.000000000000000e+000  0.000000000000000e+000  0.000000000000000e+000  0.000000000000000e+000 

 0.000000000000000e+000  1.000000000000000e+000  0.000000000000000e+000  0.000000000000000e+000  0.000000000000000e+000 -3.286690019261291e-001  0.000000000000000e+000  0.000000000000000e+000  0.000000000000000e+000  9.999999999999998e-001  0.000000000000000e+000  0.000000000000000e+000  0.000000000000000e+000  0.000000000000000e+000  0.000000000000000e+000  0.000000000000000e+000  0.000000000000000e+000  0.000000000000000e+000  0.000000000000000e+000 
 0.000000000000000e+000  1.000000000000000e+000  0.000000000000000e+000  0.000000000000000e+000  0.000000000000000e+000 -2.553780572888442e-002  0.000000000000000e+000  0.000000000000000e+000  0.000000000000000e+000  0.000000000000000e+000  1.000000000000000e+000  0.000000000000000e+000  0.000000000000000e+000  0.000000000000000e+000  0.000000000000000e+000  0.000000000000000e+000  0.000000000000000e+000  0.000000000000000e+000  0.000000000000000e+000 
 0.000000000000000e+000  0.000000000000000e+000  0.000000000000000e+000  0.000000000000000e+000  0.000000000000000e+000  0.000000000000000e+000  0.000000000000000e+000  0.000000000000000e+000  0.000000000000000e+000  0.000000000000000e+000  0.000000000000000e+000  0.000000000000000e+000  0.000000000000000e+000  0.000000000000000e+000  0.000000000000000e+000  0.000000000000000e+000  0.000000000000000e+000  0.000000000000000e+000  0.000000000000000e+000 
 0.000000000000000e+000  0.000000000000000e+000  0.000000000000000e+000  0.000000000000000e+000  0.000000000000000e+000  0.000000000000000e+000  0.000000000000000e+000  0.000000000000000e+000  0.000000000000000e+000  0.000000000000000e+000  0.000000000000000e+000  0.000000000000000e+000  0.000000000000000e+000  0.000000000000000e+000  0.000000000000000e+000  0.000000000000000e+000  0.000000000000000e+000  0.000000000000000e+000  0.000000000000000e+000 
 0.000000000000000e+000  0.000000000000000e+000  0.000000000000000e+000  9.372794111160264e-001  0.000000000000000e+000  0.000000000000000e+000  0.000000000000000e+000  0.000000000000000e+000  0.000000000000000e+000  0.000000000000000e+000  0.000000000000000e+000  0.000000000000000e+000  0.000000000000000e+000  0.000000000000000e+000  0.000000000000000e+000  1.000000000000000e+000  0.000000000000000e+000  0.000000000000000e+000  0.000000000000000e+000 
 0.000000000000000e+000  0.000000000000000e+000  0.000000000000000e+000  0.000000000000000e+000  0.000000000000000e+000  0.000000000000000e+000  0.000000000000000e+000  0.000000000000000e+000  0.000000000000000e+000  0.000000000000000e+000  0.000000000000000e+000  0.000000000000000e+000  0.000000000000000e+000  0.000000000000000e+000  0.000000000000000e+000  0.000000000000000e+000  0.000000000000000e+000  0.000000000000000e+000  0.000000000000000e+000 
 0.000000000000000e+000  0.000000000000000e+000  0.000000000000000e+000  0.000000000000000e+000  0.000000000000000e+000  0.000000000000000e+000  0.000000000000000e+000  0.000000000000000e+000  0.000000000000000e+000  0.000000000000000e+000  0.000000000000000e+000  0.000000000000000e+000  0.000000000000000e+000  0.000000000000000e+000  0.000000000000000e+000  0.000000000000000e+000  0.000000000000000e+000  0.000000000000000e+000  0.000000000000000e+000 
 0.000000000000000e+000  0.000000000000000e+000  0.000000000000000e+000  0.000000000000000e+000  0.000000000000000e+000  0.000000000000000e+000  0.000000000000000e+000  0.000000000000000e+000  0.000000000000000e+000  0.000000000000000e+000  0.000000000000000e+000  0.000000000000000e+000  0.000000000000000e+000  0.000000000000000e+000  0.000000000000000e+000  0.000000000000000e+000  0.000000000000000e+000  0.000000000000000e+000  0.000000000000000e+000 

 0.000000000000000e+000  0.000000000000000e+000  0.000000000000000e+000  9.372794111160264e-001  0.000000000000000e+000  0.000000000000000e+000  0.000000000000000e+000  0.000000000000000e+000  0.000000000000000e+000  0.000000000000000e+000  0.000000000000000e+000  0.000000000000000e+000  0.000000000000000e+000  0.000000000000000e+000  0.000000000000000e+000  1.000000000000000e+000  0.000000000000000e+000  0.000000000000000e+000  0.000000000000000e+000 
 0.000000000000000e+000  0.000000000000000e+000  0.000000000000000e+000  0.000000000000000e+000  0.000000000000000e+000  0.000000000000000e+000  0.000000000000000e+000  0.000000000000000e+000  0.000000000000000e+000  0.000000000000000e+000  0.000000000000000e+000  0.000000000000000e+000  0.000000000000000e+000  0.000000000000000e+000  0.000000000000000e+000  0.000000000000000e+000  0.000000000000000e+000  0.000000000000000e+000  0.000000000000000e+000 
 0.000000000000000e+000  0.000000000000000e+000  0.000000000000000e+000  0.000000000000000e+000  0.000000000000000e+000  0.000000000000000e+000  0.000000000000000e+000  0.000000000000000e+000  0.000000000000000e+000  0.000000000000000e+000  0.000000000000000e+000  0.000000000000000e+000  0.000000000000000e+000  0.000000000000000e+000  0.000000000000000e+000  0.000000000000000e+000  0.000000000000000e+000  0.000000000000000e+000  0.000000000000000e+000 
 0.000000000000000e+000  0.000000000000000e+000  0.000000000000000e+000  0.000000000000000e+000  0.000000000000000e+000  0.000000000000000e+000  0.000000000000000e+000  0.000000000000000e+000  0.000000000000000e+000  0.000000000000000e+000  0.000000000000000e+000  0.000000000000000e+000  0.000000000000000e+000  0.000000000000000e+000  0.000000000000000e+000  0.000000000000000e+000  0.000000000000000e+000  0.000000000000000e+000  0.000000000000000e+000 
 0.000000000000000e+000  0.000000000000000e+000  0.000000000000000e+000  0.000000000000000e+000  9.127611012439997e-001  0.000000000000000e+000  0.000000000000000e+000  0.000000000000000e+000  0.000000000000000e+000  0.000000000000000e+000  0.000000000000000e+000  0.000000000000000e+000  0.000000000000000e+000  0.000000000000000e+000  0.000000000000000e+000  0.000000000000000e+000  9.999999999999999e-001  0.000000000000000e+000  0.000000000000000e+000 
 0.000000000000000e+000  0.000000000000000e+000  0.000000000000000e+000  0.000000000000000e+000  9.711998313297402e-001  0.000000000000000e+000  0.000000000000000e+000  0.000000000000000e+000  0.000000000000000e+000  0.000000000000000e+000  0.000000000000000e+000  0.000000000000000e+000  0.000000000000000e+000  0.000000000000000e+000  0.000000000000000e+000  0.000000000000000e+000  0.000000000000000e+000  1.000000000000000e+000  0.000000000000000e+000 
 0.000000000000000e+000  0.000000000000000e+000  0.000000000000000e+000  0.000000000000000e+000  0.000000000000000e+000  0.000000000000000e+000  0.000000000000000e+000  0.000000000000000e+000  0.000000000000000e+000  0.000000000000000e+000  0.000000000000000e+000  0.000000000000000e+000  0.000000000000000e+000  0.000000000000000e+000  0.000000000000000e+000  0.000000000000000e+000  0.000000000000000e+000  0.000000000000000e+000  0.000000000000000e+000 
 0.000000000000000e+000  0.000000000000000e+000  0.000000000000000e+000  0.000000000000000e+000  0.000000000000000e+000  0.000000000000000e+000  0.000000000000000e+000  0.000000000000000e+000  0.000000000000000e+000  0.000000000000000e+000  0.000000000000000e+000  0.000000000000000e+000  0.000000000000000e+000  0.000000000000000e+000  0.000000000000000e+000  0.000000000000000e+000  0.000000000000000e+000  0.000000000000000e+000  0.000000000000000e+000 

 0.000000000000000e+000  0.000000000000000e+000  0.000000000000000e+000  0.000000000000000e+000  9.711998313297402e-001  0.000000000000000e+000  0.000000000000000e+000  0.000000000000000e+000  0.000000000000000e+000  0.000000000000000e+000  0.000000000000000e+000  0.000000000000000e+000  0.000000000000000e+000  0.000000000000000e+000  0.000000000000000e+000  0.000000000000000e+000  0.000000000000000e+000  1.000000000000000e+000  0.000000000000000e+000 
 0.000000000000000e+000  0.000000000000000e+000  0.000000000000000e+000  0.000000000000000e+000  0.000000000000000e+000  0.000000000000000e+000  0.000000000000000e+000  0.000000000000000e+000  0.000000000000000e+000  0.000000000000000e+000  0.000000000000000e+000  0.000000000000000e+000  0.000000000000000e+000  0.000000000000000e+000  0.000000000000000e+000  0.000000000000000e+000  0.000000000000000e+000  0.000000000000000e+000  0.000000000000000e+000 
 0.000000000000000e+000  0.000000000000000e+000  0.000000000000000e+000  0.000000000000000e+000  0.000000000000000e+000  0.000000000000000e+000  0.000000000000000e+000  0.000000000000000e+000  0.000000000000000e+000  0.000000000000000e+000  0.000000000000000e+000  0.000000000000000e+000  0.000000000000000e+000  0.000000000000000e+000  0.000000000000000e+000  0.000000000000000e+000  0.000000000000000e+000  0.000000000000000e+000  0.000000000000000e+000 
 0.000000000000000e+000  0.000000000000000e+000  0.000000000000000e+000  0.000000000000000e+000  0.000000000000000e+000  0.000000000000000e+000  0.000000000000000e+000  0.000000000000000e+000  0.000000000000000e+000  0.000000000000000e+000  0.000000000000000e+000  0.000000000000000e+000  0.000000000000000e+000  0.000000000000000e+000  0.000000000000000e+000  0.000000000000000e+000  0.000000000000000e+000  0.000000000000000e+000  0.000000000000000e+000 
 0.000000000000000e+000  0.000000000000000e+000  0.000000000000000e+000  0.000000000000000e+000  0.000000000000000e+000  1.000000000000000e+000 -2.285535082483071e+000  0.000000000000000e+000  0.000000000000000e+000  0.000000000000000e+000  0.000000000000000e+000  0.000000000000000e+000  0.000000000000000e+000  0.000000000000000e+000  0.000000000000000e+000  0.000000000000000e+000  0.000000000000000e+000  0.000000000000000e+000  9.999999999999998e-001 
 0.000000000000000e+000  0.000000000000000e+000  0.000000000000000e+000  0.000000000000000e+000  0.000000000000000e+000  2.485146905496680e-001  0.000000000000000e+000  0.000000000000000e+000  0.000000000000000e+000  0.000000000000000e+000  0.000000000000000e+000  0.000000000000000e+000  0.000000000000000e+000  0.000000000000000e+000  9.999999999999998e-001  0.000000000000000e+000  0.000000000000000e+000  0.000000000000000e+000  0.000000000000000e+000 
 0.000000000000000e+000  0.000000000000000e+000  0.000000000000000e+000  0.000000000000000e+000  0.000000000000000e+000  0.000000000000000e+000  0.000000000000000e+000  0.000000000000000e+000  0.000000000000000e+000  0.000000000000000e+000  0.000000000000000e+000  0.000000000000000e+000  0.000000000000000e+000  0.000000000000000e+000  0.000000000000000e+000  0.000000000000000e+000  0.000000000000000e+000  0.000000000000000e+000  0.000000000000000e+000 
 0.000000000000000e+000  0.000000000000000e+000  0.000000000000000e+000  0.000000000000000e+000  0.000000000000000e+000  0.000000000000000e+000  0.000000000000000e+000  0.000000000000000e+000  0.000000000000000e+000  0.000000000000000e+000  0.000000000000000e+000  0.000000000000000e+000  0.000000000000000e+000  0.000000000000000e+000  0.000000000000000e+000  0.000000000000000e+000  0.000000000000000e+000  0.000000000000000e+000  0.000000000000000e+000 

 0.000000000000000e+000  0.000000000000000e+000  0.000000000000000e+000  0.000000000000000e+000  0.000000000000000e+000  1.000000000000000e+000 -2.285535082483071e+000  0.000000000000000e+000  0.000000000000000e+000  0.000000000000000e+000  0.000000000000000e+000  0.000000000000000e+000  0.000000000000000e+000  0.000000000000000e+000  0.000000000000000e+000  0.000000000000000e+000  0.000000000000000e+000  0.000000000000000e+000  9.999999999999998e-001 
 0.000000000000000e+000  0.000000000000000e+000  0.000000000000000e+000  0.000000000000000e+000  0.000000000000000e+000  0.000000000000000e+000  0.000000000000000e+000  0.000000000000000e+000  0.000000000000000e+000  0.000000000000000e+000  0.000000000000000e+000  0.000000000000000e+000  0.000000000000000e+000  0.000000000000000e+000  0.000000000000000e+000  0.000000000000000e+000  0.000000000000000e+000  0.000000000000000e+000  0.000000000000000e+000 
 0.000000000000000e+000  0.000000000000000e+000  0.000000000000000e+000  0.000000000000000e+000  0.000000000000000e+000  0.000000000000000e+000  0.000000000000000e+000  0.000000000000000e+000  0.000000000000000e+000  0.000000000000000e+000  0.000000000000000e+000  0.000000000000000e+000  0.000000000000000e+000  0.000000000000000e+000  0.000000000000000e+000  0.000000000000000e+000  0.000000000000000e+000  0.000000000000000e+000  0.000000000000000e+000 
 0.000000000000000e+000  0.000000000000000e+000  0.000000000000000e+000  0.000000000000000e+000  0.000000000000000e+000  0.000000000000000e+000  0.000000000000000e+000  0.000000000000000e+000  0.000000000000000e+000  0.000000000000000e+000  0.000000000000000e+000  0.000000000000000e+000  0.000000000000000e+000  0.000000000000000e+000  0.000000000000000e+000  0.000000000000000e+000  0.000000000000000e+000  0.000000000000000e+000  0.000000000000000e+000 
 0.000000000000000e+000  0.000000000000000e+000  0.000000000000000e+000  0.000000000000000e+000  0.000000000000000e+000  0.000000000000000e+000  2.523750046542553e-001  0.000000000000000e+000  0.000000000000000e+000  0.000000000000000e+000  0.000000000000000e+000  0.000000000000000e+000  0.000000000000000e+000  0.000000000000000e+000  1.000000000000000e+000  0.000000000000000e+000  0.000000000000000e+000  0.000000000000000e+000  0.000000000000000e+000 
 0.000000000000000e+000  0.000000000000000e+000  0.000000000000000e+000  0.000000000000000e+000  0.000000000000000e+000  0.000000000000000e+000  0.000000000000000e+000  0.000000000000000e+000  0.000000000000000e+000  0.000000000000000e+000  0.000000000000000e+000  0.000000000000000e+000  0.000000000000000e+000  0.000000000000000e+000  0.000000000000000e+000  0.000000000000000e+000  0.000000000000000e+000  0.000000000000000e+000  0.000000000000000e+000 
 0.000000000000000e+000  0.000000000000000e+000  0.000000000000000e+000  0.000000000000000e+000  0.000000000000000e+000  0.000000000000000e+000  0.000000000000000e+000  0.000000000000000e+000  0.000000000000000e+000  0.000000000000000e+000  0.000000000000000e+000  0.000000000000000e+000  0.000000000000000e+000  0.000000000000000e+000  0.000000000000000e+000  0.000000000000000e+000  0.000000000000000e+000  0.000000000000000e+000  0.000000000000000e+000 
 0.000000000000000e+000  0.000000000000000e+000  0.000000000000000e+000  0.000000000000000e+000  0.000000000000000e+000  0.000000000000000e+000  0.000000000000000e+000  0.000000000000000e+000  0.000000000000000e+000  0.000000000000000e+000  0.000000000000000e+000  0.000000000000000e+000  0.000000000000000e+000  0.000000000000000e+000  0.000000000000000e+000  0.000000000000000e+000  0.000000000000000e+000  0.000000000000000e+000  0.000000000000000e+000 

Lx[7][8-19]
 4.120946460474327e-001  8.690861632666440e-002 -1.880638724779332e-001 -1.903755280897479e-001 -2.666342631560308e-001 -2.283627301745818e-002 -2.070194916304101e-001  3.629778861732698e-001  0.000000000000000e+000  1.963762732006491e-002 -1.845599819960847e-002  1.176665070375700e-002 
 4.973161611081734e-001  1.048813903634775e-001 -2.826268158431249e-001 -2.949177526524380e-001  2.045765467779159e-002 -2.900812664876961e-002 -2.629696898170673e-001  2.374958489182154e-001  0.000000000000000e+000  1.421275153496024e-002 -1.335754633008496e-002  8.516124688866450e-003 
 2.578750511900360e-001  5.438450632409861e-002 -1.465514501696834e-001 -1.529247117017688e-001  1.060797770076105e-002  3.647484425550826e-002  3.306583219293715e-001 -3.953838872935002e-001  0.000000000000000e+000  7.369786699595954e-003 -6.926334217589786e-003  4.415895283170754e-003 
 2.716622425738911e-001  5.729215323893825e-002  9.726704807015804e-002  1.335020257807381e-001  1.117512918781299e-002 -1.584588106027405e-002 -1.436489325130257e-001  6.221214279931828e-001 -1.066917706865332e+000  5.064374213311434e-002 -4.759642284662224e-002  3.034517430741868e-002 
 2.634797696013023e-001  5.556651227029493e-002  9.433736235300842e-002  1.294809417044715e-001  1.083853404055185e-002 -1.536860275956473e-002 -1.393222233734243e-001  6.033831163235440e-001  0.000000000000000e+000 -3.610289565346755e-002 -9.957236914685106e-001  2.943117696179409e-002 
 1.469202795236990e+000  3.098472238404611e-001  5.260393110031005e-001  7.220051914042170e-001  6.043729479779891e-002 -8.569763882595949e-002 -7.768816570949952e-001 -2.092213206131459e+000  0.000000000000000e+000 -2.013151722824406e-001  1.892016991992858e-001 -1.206258411470003e-001 
 5.789026186086047e-001  1.220875496775214e-001  2.072726349405288e-001  2.844880892603306e-001  2.381380455679194e-002 -3.376701139267839e-002 -3.061107881766176e-001 -1.218409281638250e+000  0.000000000000000e+000 -7.932320900679230e-002  7.455019788061068e-002  3.464953952899501e-001 

Lv[7][8-19][8]
 7.410000338263141e-001 -5.462174504013592e-002  1.423144400402543e-001  1.478832795167807e-001  1.932225990572440e-002 -2.805867946864764e-002 -2.543625903832623e-001  2.919514005025471e-001  0.000000000000000e+000 -8.232821346288183e-003  7.737438615587846e-003 -4.933016168874284e-003 
-2.649664423611392e-001  9.441199561812436e-001  1.456763053652761e-001  1.513876699474065e-001  1.925452827716684e-002 -2.885176518231754e-002 -2.615522137135565e-001  3.004760392842025e-001  0.000000000000000e+000 -8.408262341729797e-003  7.902323030758487e-003 -5.038138487310972e-003 
-2.558970592805296e+000 -5.396735812377778e-001  1.192378304406078e-001 -1.216031765186167e+000 -7.530132396487815e-002  1.491361865780113e-001  1.351976196180299e+000  3.543731780033968e+000  0.000000000000000e+000  3.425974094696891e-001 -3.219827461488976e-001  2.052806066404421e-001 
-2.644701705854298e+000 -5.577538268383866e-001 -9.109341589776033e-001 -2.575494327967229e-001 -7.838559929981531e-002  1.541349530131203e-001  1.397291913214523e+000  3.664335242419001e+000  0.000000000000000e+000  3.542258627321976e-001 -3.329114957874960e-001  2.122482481754811e-001 
 1.968025807597782e-001  4.150464012915195e-002  5.082710901026544e-002  7.372575454792463e-002  8.095693548165084e-003 -7.244539944054149e-003 -6.567450718283707e-002  6.799786686386872e-001  0.000000000000000e+000  3.334229697856304e-002 -3.133603479573190e-002  1.997833831008804e-002 
 0.000000000000000e+000  0.000000000000000e+000  0.000000000000000e+000  0.000000000000000e+000  0.000000000000000e+000  0.000000000000000e+000  0.000000000000000e+000  0.000000000000000e+000  0.000000000000000e+000  0.000000000000000e+000  0.000000000000000e+000  0.000000000000000e+000 
 0.000000000000000e+000  0.000000000000000e+000  0.000000000000000e+000  0.000000000000000e+000  0.000000000000000e+000  0.000000000000000e+000  0.000000000000000e+000  0.000000000000000e+000  0.000000000000000e+000  0.000000000000000e+000  0.000000000000000e+000  0.000000000000000e+000 
 0.000000000000000e+000  0.000000000000000e+000  0.000000000000000e+000  0.000000000000000e+000  0.000000000000000e+000  0.000000000000000e+000  0.000000000000000e+000  0.000000000000000e+000  0.000000000000000e+000  0.000000000000000e+000  0.000000000000000e+000  0.000000000000000e+000 

 1.968025807597782e-001  4.150464012915195e-002  5.082710901026544e-002  7.372575454792463e-002  8.095693548165084e-003 -7.244539944054149e-003 -6.567450718283707e-002  6.799786686386872e-001  0.000000000000000e+000  3.334229697856304e-002 -3.133603479573190e-002  1.997833831008804e-002 
 0.000000000000000e+000  0.000000000000000e+000  0.000000000000000e+000  0.000000000000000e+000  0.000000000000000e+000  0.000000000000000e+000  0.000000000000000e+000  0.000000000000000e+000  0.000000000000000e+000  0.000000000000000e+000  0.000000000000000e+000  0.000000000000000e+000 
 0.000000000000000e+000  0.000000000000000e+000  0.000000000000000e+000  0.000000000000000e+000  0.000000000000000e+000  0.000000000000000e+000  0.000000000000000e+000  0.000000000000000e+000  0.000000000000000e+000  0.000000000000000e+000  0.000000000000000e+000  0.000000000000000e+000 
 0.000000000000000e+000  0.000000000000000e+000  0.000000000000000e+000  0.000000000000000e+000  0.000000000000000e+000  0.000000000000000e+000  0.000000000000000e+000  0.000000000000000e+000  0.000000000000000e+000  0.000000000000000e+000  0.000000000000000e+000  0.000000000000000e+000 
-7.937804965121142e-003 -1.674041759111331e-003  4.511087146407855e-003  4.707266291307355e-003 -3.265304560267426e-004  8.995267989403665e-001 -9.108277427732596e-001  1.012170546042372e+000  0.000000000000000e+000 -2.268537773854919e-004  2.132036034069688e-004 -1.359282929560366e-004 
 7.671752239519875e-002  1.617932623810206e-002 -4.359888290300779e-002 -4.549492066261998e-002  3.155860805728626e-003 -8.849922425723537e-002  1.977209064976496e-001  8.823737616796959e-001  0.000000000000000e+000  2.192502817022945e-003 -2.060576228690662e-003  1.313723618155856e-003 
 1.443474477055279e-002  3.044212554251191e-003  5.444803688355773e-001 -5.322184782967457e-001  5.937893174837901e-004 -8.419692284156177e-004 -7.632770964937918e-003  9.251414751941085e-001  0.000000000000000e+000  8.037880828161670e-002 -7.554227996864191e-002  4.816209950515082e-002 
 4.597959455470772e-001  9.696857215540558e-002 -2.960607055732783e-001  6.866438190342351e-001  1.891421878446609e-002 -2.681959699700815e-002 -2.431298369838415e-001  2.909263833198070e-001  0.000000000000000e+000  1.935389929498610e-002 -1.818934256781114e-002  1.159664398596182e-002 

-7.937804965121142e-003 -1.674041759111331e-003  4.511087146407855e-003  4.707266291307355e-003 -3.265304560267426e-004  8.995267989403665e-001 -9.108277427732596e-001  1.012170546042372e+000  0.000000000000000e+000 -2.268537773854919e-004  2.132036034069688e-004 -1.359282929560366e-004 
 7.671752239519875e-002  1.617932623810206e-002 -4.359888290300779e-002 -4.549492066261998e-002  3.155860805728626e-003 -8.849922425723537e-002  1.977209064976496e-001  8.823737616796959e-001  0.000000000000000e+000  2.192502817022945e-003 -2.060576228690662e-003  1.313723618155856e-003 
 0.000000000000000e+000  0.000000000000000e+000  0.000000000000000e+000  0.000000000000000e+000  0.000000000000000e+000  0.000000000000000e+000  0.000000000000000e+000  0.000000000000000e+000  0.000000000000000e+000  0.000000000000000e+000  0.000000000000000e+000  0.000000000000000e+000 
 0.000000000000000e+000  0.000000000000000e+000  0.000000000000000e+000  0.000000000000000e+000  0.000000000000000e+000  0.000000000000000e+000  0.000000000000000e+000  0.000000000000000e+000  0.000000000000000e+000  0.000000000000000e+000  0.000000000000000e+000  0.000000000000000e+000 
 6.830697776107052e-002  1.440558614291626e-002 -3.881913586210466e-002 -4.050731093653955e-002  2.809883676423734e-003  9.661603027907733e-003  8.758610241010853e-002  8.952691302558770e-001  0.000000000000000e+000  1.952138657345947e-003 -1.834675185456358e-003  1.169700052450889e-003 
 0.000000000000000e+000  0.000000000000000e+000  0.000000000000000e+000  0.000000000000000e+000  0.000000000000000e+000  0.000000000000000e+000  0.000000000000000e+000  0.000000000000000e+000  0.000000000000000e+000  0.000000000000000e+000  0.000000000000000e+000  0.000000000000000e+000 
 0.000000000000000e+000  0.000000000000000e+000  0.000000000000000e+000  0.000000000000000e+000  0.000000000000000e+000  0.000000000000000e+000  0.000000000000000e+000  0.000000000000000e+000  0.000000000000000e+000  0.000000000000000e+000  0.000000000000000e+000  0.000000000000000e+000 
 0.000000000000000e+000  0.000000000000000e+000  0.000000000000000e+000  0.000000000000000e+000  0.000000000000000e+000  0.000000000000000e+000  0.000000000000000e+000  0.000000000000000e+000  0.000000000000000e+000  0.000000000000000e+000  0.000000000000000e+000  0.000000000000000e+000 

 1.443474477055279e-002  3.044212554251191e-003  5.444803688355773e-001 -5.322184782967457e-001  5.937893174837901e-004 -8.419692284156177e-004 -7.632770964937918e-003  9.251414751941085e-001  0.000000000000000e+000  8.037880828161670e-002 -7.554227996864191e-002  4.816209950515082e-002 
 4.597959455470772e-001  9.696857215540558e-002 -2.960607055732783e-001  6.866438190342351e-001  1.891421878446609e-002 -2.681959699700815e-002 -2.431298369838415e-001  2.909263833198070e-001  0.000000000000000e+000  1.935389929498610e-002 -1.818934256781114e-002  1.159664398596182e-002 
 0.000000000000000e+000  0.000000000000000e+000  0.000000000000000e+000  0.000000000000000e+000  0.000000000000000e+000  0.000000000000000e+000  0.000000000000000e+000  0.000000000000000e+000  0.000000000000000e+000  0.000000000000000e+000  0.000000000000000e+000  0.000000000000000e+000 
 0.000000000000000e+000  0.000000000000000e+000  0.000000000000000e+000  0.000000000000000e+000  0.000000000000000e+000  0.000000000000000e+000  0.000000000000000e+000  0.000000000000000e+000  0.000000000000000e+000  0.000000000000000e+000  0.000000000000000e+000  0.000000000000000e+000 
 2.546234267421157e-001  5.369875564936119e-002  9.116640153619196e-002  1.251287001065667e-001  1.047421850429888e-002 -1.485201806878826e-002 -1.346391868732545e-001  5.831016056721118e-001  0.000000000000000e+000  4.746733680323730e-002 -4.461114717691148e-002  2.844190710507055e-002 
 0.000000000000000e+000  0.000000000000000e+000  0.000000000000000e+000  0.000000000000000e+000  0.000000000000000e+000  0.000000000000000e+000  0.000000000000000e+000  0.000000000000000e+000  0.000000000000000e+000  0.000000000000000e+000  0.000000000000000e+000  0.000000000000000e+000 
 0.000000000000000e+000  0.000000000000000e+000  0.000000000000000e+000  0.000000000000000e+000  0.000000000000000e+000  0.000000000000000e+000  0.000000000000000e+000  0.000000000000000e+000  0.000000000000000e+000  0.000000000000000e+000  0.000000000000000e+000  0.000000000000000e+000 
 0.000000000000000e+000  0.000000000000000e+000  0.000000000000000e+000  0.000000000000000e+000  0.000000000000000e+000  0.000000000000000e+000  0.000000000000000e+000  0.000000000000000e+000  0.000000000000000e+000  0.000000000000000e+000  0.000000000000000e+000  0.000000000000000e+000 

 2.546234267421157e-001  5.369875564936119e-002  9.116640153619196e-002  1.251287001065667e-001  1.047421850429888e-002 -1.485201806878826e-002 -1.346391868732545e-001  5.831016056721118e-001  0.000000000000000e+000  4.746733680323730e-002 -4.461114717691148e-002  2.844190710507055e-002 
 0.000000000000000e+000  0.000000000000000e+000  0.000000000000000e+000  0.000000000000000e+000  0.000000000000000e+000  0.000000000000000e+000  0.000000000000000e+000  0.000000000000000e+000  0.000000000000000e+000  0.000000000000000e+000  0.000000000000000e+000  0.000000000000000e+000 
 0.000000000000000e+000  0.000000000000000e+000  0.000000000000000e+000  0.000000000000000e+000  0.000000000000000e+000  0.000000000000000e+000  0.000000000000000e+000  0.000000000000000e+000  0.000000000000000e+000  0.000000000000000e+000  0.000000000000000e+000  0.000000000000000e+000 
 0.000000000000000e+000  0.000000000000000e+000  0.000000000000000e+000  0.000000000000000e+000  0.000000000000000e+000  0.000000000000000e+000  0.000000000000000e+000  0.000000000000000e+000  0.000000000000000e+000  0.000000000000000e+000  0.000000000000000e+000  0.000000000000000e+000 
 2.404940846568000e-001  5.071895093212262e-002  8.610747474978621e-002  1.181851669402835e-001  9.892992266724684e-003 -1.402786277940188e-002 -1.271679060340892e-001  5.507446377275144e-001  0.000000000000000e+000  9.670466812052436e-001 -9.088578531595383e-001  2.686363349455421e-002 
 2.558915077955836e-001  5.396618734449238e-002  9.162043040533437e-002  1.257518687437987e-001  1.052638243204561e-002 -1.492598440786305e-002 -1.353097198407540e-001  5.860055808006389e-001  0.000000000000000e+000 -3.506312616916290e-002  3.295331879475627e-002  2.858355410113016e-002 
 0.000000000000000e+000  0.000000000000000e+000  0.000000000000000e+000  0.000000000000000e+000  0.000000000000000e+000  0.000000000000000e+000  0.000000000000000e+000  0.000000000000000e+000  0.000000000000000e+000  0.000000000000000e+000  0.000000000000000e+000  0.000000000000000e+000 
 0.000000000000000e+000  0.000000000000000e+000  0.000000000000000e+000  0.000000000000000e+000  0.000000000000000e+000  0.000000000000000e+000  0.000000000000000e+000  0.000000000000000e+000  0.000000000000000e+000  0.000000000000000e+000  0.000000000000000e+000  0.000000000000000e+000 

 2.558915077955836e-001  5.396618734449238e-002  9.162043040533437e-002  1.257518687437987e-001  1.052638243204561e-002 -1.492598440786305e-002 -1.353097198407540e-001  5.860055808006389e-001  0.000000000000000e+000 -3.506312616916290e-002  3.295331879475627e-002  2.858355410113016e-002 
 0.000000000000000e+000  0.000000000000000e+000  0.000000000000000e+000  0.000000000000000e+000  0.000000000000000e+000  0.000000000000000e+000  0.000000000000000e+000  0.000000000000000e+000  0.000000000000000e+000  0.000000000000000e+000  0.000000000000000e+000  0.000000000000000e+000 
 0.000000000000000e+000  0.000000000000000e+000  0.000000000000000e+000  0.000000000000000e+000  0.000000000000000e+000  0.000000000000000e+000  0.000000000000000e+000  0.000000000000000e+000  0.000000000000000e+000  0.000000000000000e+000  0.000000000000000e+000  0.000000000000000e+000 
 0.000000000000000e+000  0.000000000000000e+000  0.000000000000000e+000  0.000000000000000e+000  0.000000000000000e+000  0.000000000000000e+000  0.000000000000000e+000  0.000000000000000e+000  0.000000000000000e+000  0.000000000000000e+000  0.000000000000000e+000  0.000000000000000e+000 
 1.461005510657072e-001  3.081184591809111e-002  5.231043220781567e-002  7.179768285115618e-002  6.010009035855718e-003 -8.521949657387493e-003 -7.725471159079156e-002  6.925039518757590e-001  0.000000000000000e+000 -2.001919524227966e-002  1.881460653709496e-002  8.744677699897918e-002 
 3.651184780130279e-001  7.700158695038589e-002  1.307284965908961e-001  1.794288967170728e-001  1.501955561433406e-002 -2.129712219367054e-002 -1.930665046066760e-001  4.800542825143116e-001  0.000000000000000e+000 -5.002977774272381e-002  4.701940172798187e-002 -2.997729358494018e-002 
 0.000000000000000e+000  0.000000000000000e+000  0.000000000000000e+000  0.000000000000000e+000  0.000000000000000e+000  0.000000000000000e+000  0.000000000000000e+000  0.000000000000000e+000  0.000000000000000e+000  0.000000000000000e+000  0.000000000000000e+000  0.000000000000000e+000 
 0.000000000000000e+000  0.000000000000000e+000  0.000000000000000e+000  0.000000000000000e+000  0.000000000000000e+000  0.000000000000000e+000  0.000000000000000e+000  0.000000000000000e+000  0.000000000000000e+000  0.000000000000000e+000  0.000000000000000e+000  0.000000000000000e+000 

 1.461005510657072e-001  3.081184591809111e-002  5.231043220781567e-002  7.179768285115618e-002  6.010009035855718e-003 -8.521949657387493e-003 -7.725471159079156e-002  6.925039518757590e-001  0.000000000000000e+000 -2.001919524227966e-002  1.881460653709496e-002  8.744677699897918e-002 
 0.000000000000000e+000  0.000000000000000e+000  0.000000000000000e+000  0.000000000000000e+000  0.000000000000000e+000  0.000000000000000e+000  0.000000000000000e+000  0.000000000000000e+000  0.000000000000000e+000  0.000000000000000e+000  0.000000000000000e+000  0.000000000000000e+000 
 0.000000000000000e+000  0.000000000000000e+000  0.000000000000000e+000  0.000000000000000e+000  0.000000000000000e+000  0.000000000000000e+000  0.000000000000000e+000  0.000000000000000e+000  0.000000000000000e+000  0.000000000000000e+000  0.000000000000000e+000  0.000000000000000e+000 
 0.000000000000000e+000  0.000000000000000e+000  0.000000000000000e+000  0.000000000000000e+000  0.000000000000000e+000  0.000000000000000e+000  0.000000000000000e+000  0.000000000000000e+000  0.000000000000000e+000  0.000000000000000e+000  0.000000000000000e+000  0.000000000000000e+000 
 1.461005510657072e-001  3.081184591809109e-002  5.231043220781571e-002  7.179768285115612e-002  6.010009035855891e-003 -8.521949657387500e-003 -7.725471159079163e-002  6.925039518757588e-001  0.000000000000000e+000 -2.001919524227967e-002  1.881460653709477e-002  8.744677699897918e-002 
 0.000000000000000e+000  0.000000000000000e+000  0.000000000000000e+000  0.000000000000000e+000  0.000000000000000e+000  0.000000000000000e+000  0.000000000000000e+000  0.000000000000000e+000  0.000000000000000e+000  0.000000000000000e+000  0.000000000000000e+000  0.000000000000000e+000 
 0.000000000000000e+000  0.000000000000000e+000  0.000000000000000e+000  0.000000000000000e+000  0.000000000000000e+000  0.000000000000000e+000  0.000000000000000e+000  0.000000000000000e+000  0.000000000000000e+000  0.000000000000000e+000  0.000000000000000e+000  0.000000000000000e+000 
 0.000000000000000e+000  0.000000000000000e+000  0.000000000000000e+000  0.000000000000000e+000  0.000000000000000e+000  0.000000000000000e+000  0.000000000000000e+000  0.000000000000000e+000  0.000000000000000e+000  0.000000000000000e+000  0.000000000000000e+000  0.000000000000000e+000 

