nd= 7 ni=12 
cp= 4 cm= 4 

************ S-system ***********

 1  3.440372240955652e-001
 2  9.644595759228367e-001
 3  6.938093282799436e+001
 4  9.368478961146508e-001
 5  4.527327997227455e+001
 6  3.023906988307960e+002
 7  5.924715059401103e+001
-------------------------------
 8  2.500000000000000e-001
 9  2.500000000000000e-001
10  6.300000000000000e-001
11  6.300000000000000e-001
12  1.160000000000000e+001
13  1.600000000000000e+000
14  1.600000000000000e+000
15  4.300000000000000e-001
16  4.000000000000000e+000
17  7.000000000000000e-001
18  7.400000000000000e+000
19  3.600000000000000e-001
-------------------------------

alpha[7]
 2.426179130571843e+002  3.450500371057616e+000  2.369006722397588e+002  2.970027279417098e+000  1.866904666145019e-001  2.147419505210970e-003  3.324872741847083e+001 

beta[7]
 3.450500371057616e+000  2.147581465251377e+001  2.391337080150079e-001  1.866904666145019e-001  2.894386650516219e-003  4.883539030768688e+000  2.668743607674530e-001 

g[7][19]
-1.059321008206734e-001  0.000000000000000e+000 -7.421835000858174e-001  0.000000000000000e+000  0.000000000000000e+000 -2.031257044348950e-001  0.000000000000000e+000  7.302800931697951e-001  1.540122712999024e-001  2.898914528857048e-002  8.671849024173209e-002  0.000000000000000e+000  0.000000000000000e+000  0.000000000000000e+000  0.000000000000000e+000  0.000000000000000e+000  0.000000000000000e+000  0.000000000000000e+000  0.000000000000000e+000 
 3.526264231916178e+000 -2.526264231916177e+000  0.000000000000000e+000  0.000000000000000e+000  0.000000000000000e+000  0.000000000000000e+000  0.000000000000000e+000  0.000000000000000e+000  0.000000000000000e+000  0.000000000000000e+000  0.000000000000000e+000  9.999999999999998e-001  0.000000000000000e+000  0.000000000000000e+000  0.000000000000000e+000  0.000000000000000e+000  0.000000000000000e+000  0.000000000000000e+000  0.000000000000000e+000 
 0.000000000000000e+000  1.000000000000000e+000 -1.663631985208809e+000  0.000000000000000e+000  0.000000000000000e+000  0.000000000000000e+000  0.000000000000000e+000  0.000000000000000e+000  0.000000000000000e+000  0.000000000000000e+000  0.000000000000000e+000  0.000000000000000e+000  9.935044723565066e-002  9.006495527643494e-001  0.000000000000000e+000  0.000000000000000e+000  0.000000000000000e+000  0.000000000000000e+000  0.000000000000000e+000 
 0.000000000000000e+000  1.000000000000000e+000  0.000000000000000e+000  0.000000000000000e+000  0.000000000000000e+000 -1.651866816159372e-001  0.000000000000000e+000  0.000000000000000e+000  0.000000000000000e+000  4.606879055634530e-001  5.393120944365469e-001  0.000000000000000e+000  0.000000000000000e+000  0.000000000000000e+000  0.000000000000000e+000  0.000000000000000e+000  0.000000000000000e+000  0.000000000000000e+000  0.000000000000000e+000 
 0.000000000000000e+000  0.000000000000000e+000  0.000000000000000e+000  9.372794111160264e-001  0.000000000000000e+000  0.000000000000000e+000  0.000000000000000e+000  0.000000000000000e+000  0.000000000000000e+000  0.000000000000000e+000  0.000000000000000e+000  0.000000000000000e+000  0.000000000000000e+000  0.000000000000000e+000  0.000000000000000e+000  1.000000000000000e+000  0.000000000000000e+000  0.000000000000000e+000  0.000000000000000e+000 
 0.000000000000000e+000  0.000000000000000e+000  0.000000000000000e+000  0.000000000000000e+000  9.711998313297402e-001  0.000000000000000e+000  0.000000000000000e+000  0.000000000000000e+000  0.000000000000000e+000  0.000000000000000e+000  0.000000000000000e+000  0.000000000000000e+000  0.000000000000000e+000  0.000000000000000e+000  0.000000000000000e+000  0.000000000000000e+000  0.000000000000000e+000  1.000000000000000e+000  0.000000000000000e+000 
 0.000000000000000e+000  0.000000000000000e+000  0.000000000000000e+000  0.000000000000000e+000  0.000000000000000e+000  1.000000000000000e+000 -2.285535082483071e+000  0.000000000000000e+000  0.000000000000000e+000  0.000000000000000e+000  0.000000000000000e+000  0.000000000000000e+000  0.000000000000000e+000  0.000000000000000e+000  0.000000000000000e+000  0.000000000000000e+000  0.000000000000000e+000  0.000000000000000e+000  9.999999999999998e-001 

h[7][19]
 3.526264231916178e+000 -2.526264231916177e+000  0.000000000000000e+000  0.000000000000000e+000  0.000000000000000e+000  0.000000000000000e+000  0.000000000000000e+000  0.000000000000000e+000  0.000000000000000e+000  0.000000000000000e+000  0.000000000000000e+000  9.999999999999998e-001  0.000000000000000e+000  0.000000000000000e+000  0.000000000000000e+000  0.000000000000000e+000  0.000000000000000e+000  0.000000000000000e+000  0.000000000000000e+000 
 0.000000000000000e+000  1.000000000000000e+000 -5.162861857561217e-001  0.000000000000000e+000  0.000000000000000e+000 -1.139231795028189e-001  0.000000000000000e+000  0.000000000000000e+000  0.000000000000000e+000  3.177195064812015e-001  3.719437181103116e-001  0.000000000000000e+000  3.083209743050287e-002  2.795046779779843e-001  0.000000000000000e+000  0.000000000000000e+000  0.000000000000000e+000  0.000000000000000e+000  0.000000000000000e+000 
 0.000000000000000e+000  0.000000000000000e+000  2.648840104765816e-001  0.000000000000000e+000  0.000000000000000e+000  0.000000000000000e+000  0.000000000000000e+000  0.000000000000000e+000  0.000000000000000e+000  0.000000000000000e+000  0.000000000000000e+000  0.000000000000000e+000  0.000000000000000e+000  0.000000000000000e+000  1.000000000000000e+000  0.000000000000000e+000  0.000000000000000e+000  0.000000000000000e+000  0.000000000000000e+000 
 0.000000000000000e+000  0.000000000000000e+000  0.000000000000000e+000  9.372794111160264e-001  0.000000000000000e+000  0.000000000000000e+000  0.000000000000000e+000  0.000000000000000e+000  0.000000000000000e+000  0.000000000000000e+000  0.000000000000000e+000  0.000000000000000e+000  0.000000000000000e+000  0.000000000000000e+000  0.000000000000000e+000  1.000000000000000e+000  0.000000000000000e+000  0.000000000000000e+000  0.000000000000000e+000 
 0.000000000000000e+000  0.000000000000000e+000  0.000000000000000e+000  0.000000000000000e+000  9.663870100061650e-001  0.000000000000000e+000  0.000000000000000e+000  0.000000000000000e+000  0.000000000000000e+000  0.000000000000000e+000  0.000000000000000e+000  0.000000000000000e+000  0.000000000000000e+000  0.000000000000000e+000  0.000000000000000e+000  0.000000000000000e+000  8.235670618635638e-002  9.176432938136435e-001  0.000000000000000e+000 
 0.000000000000000e+000  0.000000000000000e+000  0.000000000000000e+000  0.000000000000000e+000  0.000000000000000e+000  6.232897816038420e-001 -1.139824834728475e+000  0.000000000000000e+000  0.000000000000000e+000  0.000000000000000e+000  0.000000000000000e+000  0.000000000000000e+000  0.000000000000000e+000  0.000000000000000e+000  5.012875350440313e-001  0.000000000000000e+000  0.000000000000000e+000  0.000000000000000e+000  4.987124649559686e-001 
 0.000000000000000e+000  0.000000000000000e+000  0.000000000000000e+000  0.000000000000000e+000  0.000000000000000e+000  0.000000000000000e+000  2.523750046542553e-001  0.000000000000000e+000  0.000000000000000e+000  0.000000000000000e+000  0.000000000000000e+000  0.000000000000000e+000  0.000000000000000e+000  0.000000000000000e+000  1.000000000000000e+000  0.000000000000000e+000  0.000000000000000e+000  0.000000000000000e+000  0.000000000000000e+000 

Lx[7][8-19]
 4.120946460474327e-001  8.690861632666440e-002 -1.880638724779332e-001 -1.903755280897479e-001 -2.666342631560308e-001 -2.283627301745818e-002 -2.070194916304101e-001  3.629778861732698e-001  0.000000000000000e+000  1.963762732006491e-002 -1.845599819960847e-002  1.176665070375700e-002 
 4.973161611081734e-001  1.048813903634775e-001 -2.826268158431249e-001 -2.949177526524380e-001  2.045765467779159e-002 -2.900812664876961e-002 -2.629696898170673e-001  2.374958489182154e-001  0.000000000000000e+000  1.421275153496024e-002 -1.335754633008496e-002  8.516124688866450e-003 
 2.578750511900360e-001  5.438450632409861e-002 -1.465514501696834e-001 -1.529247117017688e-001  1.060797770076105e-002  3.647484425550826e-002  3.306583219293715e-001 -3.953838872935002e-001  0.000000000000000e+000  7.369786699595954e-003 -6.926334217589786e-003  4.415895283170754e-003 
 2.716622425738911e-001  5.729215323893825e-002  9.726704807015804e-002  1.335020257807381e-001  1.117512918781299e-002 -1.584588106027405e-002 -1.436489325130257e-001  6.221214279931828e-001 -1.066917706865332e+000  5.064374213311434e-002 -4.759642284662224e-002  3.034517430741868e-002 
 2.634797696013023e-001  5.556651227029493e-002  9.433736235300842e-002  1.294809417044715e-001  1.083853404055185e-002 -1.536860275956473e-002 -1.393222233734243e-001  6.033831163235440e-001  0.000000000000000e+000 -3.610289565346755e-002 -9.957236914685106e-001  2.943117696179409e-002 
 1.469202795236990e+000  3.098472238404611e-001  5.260393110031005e-001  7.220051914042170e-001  6.043729479779891e-002 -8.569763882595949e-002 -7.768816570949952e-001 -2.092213206131459e+000  0.000000000000000e+000 -2.013151722824406e-001  1.892016991992858e-001 -1.206258411470003e-001 
 5.789026186086047e-001  1.220875496775214e-001  2.072726349405288e-001  2.844880892603306e-001  2.381380455679194e-002 -3.376701139267839e-002 -3.061107881766176e-001 -1.218409281638250e+000  0.000000000000000e+000 -7.932320900679230e-002  7.455019788061068e-002  3.464953952899501e-001 

LV[7][8-19]
 1.968025807597781e-001  4.150464012915194e-002  5.082710901026548e-002  7.372575454792477e-002  8.095693548165167e-003 -7.244539944054156e-003 -6.567450718283729e-002  6.799786686386873e-001  0.000000000000000e+000  3.334229697856303e-002 -3.133603479573199e-002  1.997833831008802e-002 
 1.968025807597782e-001  4.150464012915195e-002  5.082710901026544e-002  7.372575454792463e-002  8.095693548165084e-003 -7.244539944054149e-003 -6.567450718283707e-002  6.799786686386872e-001  0.000000000000000e+000  3.334229697856304e-002 -3.133603479573190e-002  1.997833831008804e-002 
 6.830697776107053e-002  1.440558614291625e-002 -3.881913586210456e-002 -4.050731093653953e-002  2.809883676423708e-003  9.661603027907723e-003  8.758610241010834e-002  8.952691302558771e-001  0.000000000000000e+000  1.952138657345944e-003 -1.834675185456360e-003  1.169700052450873e-003 
 2.546234267421157e-001  5.369875564936118e-002  9.116640153619199e-002  1.251287001065667e-001  1.047421850429905e-002 -1.485201806878826e-002 -1.346391868732546e-001  5.831016056721118e-001  0.000000000000000e+000  4.746733680323729e-002 -4.461114717691169e-002  2.844190710507060e-002 
 2.546234267421157e-001  5.369875564936119e-002  9.116640153619196e-002  1.251287001065667e-001  1.047421850429888e-002 -1.485201806878826e-002 -1.346391868732545e-001  5.831016056721118e-001  0.000000000000000e+000  4.746733680323730e-002 -4.461114717691148e-002  2.844190710507055e-002 
 2.558915077955836e-001  5.396618734449238e-002  9.162043040533437e-002  1.257518687437987e-001  1.052638243204561e-002 -1.492598440786305e-002 -1.353097198407540e-001  5.860055808006389e-001  0.000000000000000e+000 -3.506312616916290e-002  3.295331879475627e-002  2.858355410113016e-002 
 1.461005510657072e-001  3.081184591809111e-002  5.231043220781567e-002  7.179768285115618e-002  6.010009035855718e-003 -8.521949657387493e-003 -7.725471159079156e-002  6.925039518757590e-001  0.000000000000000e+000 -2.001919524227966e-002  1.881460653709496e-002  8.744677699897918e-002 

